# conv1 entradas N=8 formato: 1 canal 16x16 int8
IMG 0
00 00 08 06 00 03 01 00 0c 00 01 00 07 00 00 08
02 6e 68 72 6e 5d 6a 6b 5f 57 63 09 05 00 00 03
06 69 6b 64 6f 68 6c 75 54 65 6c 01 00 00 0b 0f
0f 00 07 01 00 03 00 69 6e 00 00 00 00 00 00 01
0e 00 00 00 00 00 00 53 68 00 00 06 0b 00 01 00
00 02 00 06 0d 5e 6c 01 00 00 09 01 00 00 09 00
1a 00 00 0a 00 62 5b 00 00 03 06 00 00 00 00 00
05 02 0c 00 03 00 00 5c 6c 00 0c 00 00 00 04 05
00 02 0f 00 06 05 00 5c 75 00 00 00 05 00 00 00
0b 0a 01 00 05 12 00 07 03 63 53 06 06 03 00 00
00 0c 00 01 06 00 00 07 05 67 69 00 0c 04 00 0e
0c 6d 60 00 03 00 00 02 00 79 68 01 00 14 00 01
00 69 61 00 0b 04 00 00 00 53 62 00 05 04 00 00
00 0a 00 7f 6f 54 5a 6e 5f 00 00 00 00 00 00 00
11 0c 00 52 69 55 60 6d 65 00 08 04 00 02 00 00
0a 01 00 00 00 0a 00 00 00 17 00 09 0a 00 06 00
IMG 1
00 00 00 00 06 03 0b 06 72 71 63 6c 63 76 04 00
00 00 10 08 06 03 06 01 75 77 7f 74 7f 7c 03 00
00 00 03 00 00 00 6f 7d 0a 00 13 00 03 00 7e 69
07 00 03 11 14 00 72 7b 12 00 00 01 00 00 6a 77
02 00 05 01 00 00 00 02 00 05 02 07 05 00 5f 6f
00 00 0b 00 00 14 02 00 00 0b 00 07 04 06 7f 69
06 00 09 03 07 00 00 02 01 00 09 00 75 6f 00 00
04 01 00 00 00 00 00 03 00 00 10 06 6c 7f 00 0e
00 00 00 00 02 00 00 06 0a 00 7c 74 00 00 0d 0c
10 14 00 02 00 0b 03 0b 05 01 69 67 15 00 00 0b
05 0a 0b 03 00 00 08 0f 66 78 00 02 07 04 00 00
05 00 00 02 00 03 00 00 7d 74 0e 0b 0d 0c 10 00
00 00 07 08 00 00 7c 76 6a 7c 72 68 69 75 71 68
0f 00 00 00 07 01 7f 78 64 4f 6e 6f 68 67 74 7b
00 03 11 00 0f 00 05 00 00 05 05 17 00 00 00 00
09 0f 00 00 00 15 00 00 06 01 00 13 00 00 00 00
IMG 2
13 00 00 02 00 00 0b 0b 00 00 10 00 13 00 00 00
01 03 09 00 5b 5e 63 67 5f 60 00 00 08 00 00 00
00 05 03 0e 58 66 6d 61 70 58 0a 02 01 00 00 02
00 00 68 5c 00 02 00 01 03 0a 70 5d 00 00 00 00
01 01 65 67 13 13 00 00 00 09 64 54 00 00 02 01
00 07 4d 57 08 00 00 00 00 00 5a 5e 00 00 01 06
00 00 69 5c 06 00 07 00 05 08 72 55 00 00 11 00
0c 02 16 08 60 64 6a 66 5e 5b 00 00 00 00 01 00
01 08 0b 00 76 55 62 6b 66 5e 00 07 00 00 00 00
00 00 61 54 00 03 0e 00 08 00 5a 62 00 00 00 00
00 00 5d 70 04 00 00 00 00 00 5f 56 01 0d 00 08
00 00 59 6a 00 00 00 03 00 00 4f 63 02 13 00 04
00 00 68 6f 00 00 00 00 02 00 53 65 00 00 02 00
0c 0b 0c 02 60 53 5c 5d 66 54 00 02 04 0a 00 05
02 08 00 08 5b 6d 67 6b 5a 6d 04 03 00 01 02 00
00 00 04 00 08 00 0b 00 00 08 04 00 0f 07 00 06
IMG 3
00 05 00 00 00 00 00 00 14 01 00 16 00 00 17 0d
00 0a 00 01 00 00 00 02 01 00 04 00 02 00 03 00
00 11 00 00 00 00 00 00 5d 7e 61 75 5c 61 00 00
00 00 0d 00 02 00 00 00 66 6d 71 78 57 63 0a 02
03 06 0c 00 0a 17 67 5c 01 00 00 00 02 09 62 64
00 05 04 00 05 11 67 5d 02 00 0c 00 00 05 65 79
08 06 05 00 00 0a 70 6d 10 00 00 00 05 00 69 6a
08 05 00 00 00 00 56 6d 00 00 05 15 00 00 69 63
0f 0b 07 05 00 0b 01 00 62 6a 6b 5f 6f 5f 00 11
19 00 00 00 00 01 00 00 79 60 5f 4a 6e 60 00 00
03 00 02 00 00 03 65 67 03 00 04 0d 17 06 6c 74
00 00 05 0f 00 00 64 7f 02 00 08 05 00 00 66 78
0c 00 03 06 00 00 6f 5c 04 00 00 00 00 00 65 65
00 00 00 0a 05 00 60 68 00 05 08 00 00 07 60 5f
0a 00 04 00 00 02 0f 00 74 71 5e 77 79 67 01 03
00 01 09 05 06 00 00 05 52 7f 6b 6e 75 6e 0d 04
IMG 4
00 00 00 00 00 03 00 00 0c 0b 11 00 12 05 02 00
00 5c 68 72 6c 6b 52 68 5d 62 64 12 00 00 00 00
0e 61 63 79 51 67 4e 5b 6b 59 62 12 09 04 01 02
07 00 00 02 0a 00 00 09 00 5a 77 15 00 0b 00 0f
01 09 04 06 1d 0a 00 02 00 5c 67 00 00 04 09 1f
03 00 0c 00 00 08 00 61 65 00 0b 0b 00 0c 02 00
00 04 01 0c 17 00 00 73 63 00 04 00 00 00 00 0a
09 00 00 05 0d 56 67 00 0a 00 07 00 02 00 00 00
00 10 12 00 0b 53 67 11 00 10 03 0c 0a 09 07 04
00 00 0a 69 5d 02 00 00 00 0b 16 00 06 02 0b 00
0c 00 03 58 61 00 11 00 00 00 00 04 0a 00 00 00
00 00 00 57 67 00 0e 0b 05 0c 0d 03 05 0b 00 08
00 0f 00 62 6a 09 08 04 0b 03 0b 00 00 07 09 02
11 00 04 58 6a 0f 00 03 0d 0c 0c 10 00 04 00 09
02 00 09 60 55 11 00 00 00 06 00 00 00 04 00 00
00 08 0f 09 00 00 00 0b 14 00 00 00 00 0c 08 00
IMG 5
04 00 00 0e 00 09 00 01 00 00 00 00 07 04 00 00
00 04 05 07 01 03 00 10 01 00 08 0b 0b 05 0b 00
00 00 00 00 01 7f 73 7d 7f 7f 7c 7b 7f 7a 7f 00
00 03 00 00 04 7f 7b 7f 71 7f 7f 71 7f 79 78 00
02 00 00 00 00 63 7f 07 00 00 09 00 04 00 00 00
00 0a 01 08 01 6f 7b 00 00 0a 00 00 10 0c 09 00
00 09 09 00 0e 7d 7f 7f 6c 7f 76 7f 7f 00 04 02
0e 00 00 00 00 6f 79 7c 7f 6b 7f 7d 6e 0a 0b 0b
00 01 00 0e 00 00 00 00 05 04 06 0f 03 67 73 00
00 00 00 0c 00 00 04 03 07 0a 05 0c 01 7f 61 07
09 09 05 00 03 00 00 00 00 01 02 15 00 7f 7f 01
0c 00 00 04 00 00 0b 02 00 00 00 02 1a 7f 7a 00
06 07 00 0a 1e 7d 72 00 0f 0d 02 10 0a 71 70 03
00 07 05 04 0e 78 6f 00 0b 00 04 0f 00 7c 6a 00
05 00 0b 04 00 00 09 7f 6c 7f 7f 71 7f 0d 00 0b
00 05 05 06 00 00 00 78 7f 77 75 7a 7f 12 0e 1c
IMG 6
05 00 00 00 00 00 00 00 0c 06 0c 00 02 00 00 00
00 00 00 02 0d 00 1b 09 0c 0c 0c 0b 0c 0e 00 00
04 00 0b 06 0e 52 49 4e 4e 5a 58 00 05 07 00 00
09 00 08 08 00 5d 43 5d 5c 52 57 00 0b 09 21 0d
00 00 00 63 50 03 00 02 00 00 00 66 6a 06 02 00
00 00 00 60 5f 00 1c 17 00 00 00 55 66 01 00 00
00 04 00 00 01 00 03 02 04 08 00 65 4d 00 00 09
13 00 0c 00 00 06 00 00 00 00 05 4b 46 05 00 05
00 00 13 00 00 00 08 00 07 42 59 0e 00 00 00 00
01 00 00 00 04 11 00 00 00 5e 54 00 00 10 00 08
02 00 08 19 00 00 00 57 5c 00 0d 00 00 01 00 00
03 00 08 01 02 00 00 5a 58 09 00 00 00 00 00 05
07 00 00 00 00 63 50 00 0e 00 00 13 0a 08 00 00
00 17 00 08 00 54 66 00 00 15 00 04 07 00 0a 01
03 03 06 53 51 56 65 46 53 52 5c 4d 5b 02 03 00
09 08 00 6a 5c 5d 5b 61 70 52 49 56 4b 0b 00 1f
IMG 7
00 0d 00 09 09 00 07 00 00 00 00 0a 00 00 0a 05
09 05 03 12 00 01 00 05 0a 00 0c 00 00 00 04 16
05 00 01 01 6d 73 77 69 6f 7f 00 00 0b 0f 04 00
00 00 00 00 67 68 7b 6d 66 6c 03 02 0c 07 00 00
03 00 74 7c 0f 05 07 00 08 0e 68 78 02 00 00 00
00 00 71 71 09 10 11 00 00 0d 7f 70 10 10 00 02
00 04 00 00 00 02 02 07 00 00 66 60 0b 00 03 00
00 0f 01 08 00 01 00 0a 00 00 67 79 00 10 00 00
00 06 06 00 00 00 04 00 6d 73 00 09 02 00 0f 00
03 00 00 00 00 08 00 00 6b 67 17 0a 03 05 02 00
02 09 05 05 00 00 73 78 00 00 01 07 05 00 0a 05
00 04 0f 00 03 00 74 63 0d 00 00 00 00 08 07 00
04 12 00 00 6e 77 01 0f 00 00 00 0a 01 00 01 08
0b 00 0f 00 69 64 00 07 0a 02 09 00 11 05 00 01
00 00 60 73 7b 75 60 6f 79 57 76 68 07 00 00 0e
03 07 6b 66 73 6c 66 75 67 5f 63 67 00 0a 0c 00
