# HERCOSSNUX NPU L3 conv1+pool1 N=8
# M1=5064654 SHIFT=31
# W1: 8 lineas de 9 (canal de salida o = 0..7)
58 dd 35 ee c8 9c 06 d9 c9
66 31 a5 f3 00 00 91 c1 3e
c0 00 d7 21 fa e1 e5 0f cb
3f 2d cd 1c 46 ff 50 36 18
09 e7 e0 e1 cb 1b 02 12 c6
4d 5c 6e 7e 03 3f 99 f0 0c
f9 65 44 39 59 5a cd 20 ff
81 cd ef 11 1c ea e7 d7 ec
# B1: 8 valores int32
00000975 00000140 fffffba7 ffffecfc fffffe4f ffffe622 ffffe51b fffffdfa
# imagenes y salida esperada de pool1
IMG 0
00 00 08 06 00 03 01 00 0c 00 01 00 07 00 00 08
02 6e 68 72 6e 5d 6a 6b 5f 57 63 09 05 00 00 03
06 69 6b 64 6f 68 6c 75 54 65 6c 01 00 00 0b 0f
0f 00 07 01 00 03 00 69 6e 00 00 00 00 00 00 01
0e 00 00 00 00 00 00 53 68 00 00 06 0b 00 01 00
00 02 00 06 0d 5e 6c 01 00 00 09 01 00 00 09 00
1a 00 00 0a 00 62 5b 00 00 03 06 00 00 00 00 00
05 02 0c 00 03 00 00 5c 6c 00 0c 00 00 00 04 05
00 02 0f 00 06 05 00 5c 75 00 00 00 05 00 00 00
0b 0a 01 00 05 12 00 07 03 63 53 06 06 03 00 00
00 0c 00 01 06 00 00 07 05 67 69 00 0c 04 00 0e
0c 6d 60 00 03 00 00 02 00 79 68 01 00 14 00 01
00 69 61 00 0b 04 00 00 00 53 62 00 05 04 00 00
00 0a 00 7f 6f 54 5a 6e 5f 00 00 00 00 00 00 00
11 0c 00 52 69 55 60 6d 65 00 08 04 00 02 00 00
0a 01 00 00 00 0a 00 00 00 17 00 09 0a 00 06 00
POOL1
00 00 00 00 00 04 06 04
0f 21 21 00 19 1a 07 07
09 05 00 08 18 06 06 06
06 05 12 02 05 07 06 07
04 07 04 0f 05 07 06 06
00 06 07 08 00 19 05 07
0d 00 00 00 07 1a 07 0a
08 12 1f 1d 19 03 05 06
11 00 00 00 00 00 04 01
00 11 12 19 00 26 03 05
03 04 0c 00 24 00 03 01
09 00 00 2f 00 03 01 02
02 04 03 00 31 00 00 02
0e 00 03 04 00 00 05 02
00 33 00 00 00 27 03 05
06 00 19 0f 27 03 01 01
00 00 00 00 00 00 00 00
00 00 00 00 00 00 00 00
00 00 00 00 00 00 00 00
00 00 00 00 01 00 00 00
00 00 00 00 00 01 00 00
00 00 00 00 00 00 00 00
00 00 00 00 00 00 00 00
00 00 00 00 00 00 00 00
1a 37 35 34 33 2c 00 00
09 1c 1f 32 3b 23 00 00
00 00 16 21 27 00 00 00
00 00 04 29 2c 00 00 00
00 00 00 01 2e 2a 00 00
1b 2d 00 00 1c 48 00 00
09 2f 31 32 23 27 00 00
00 02 20 1a 28 00 00 00
00 00 00 00 00 02 00 00
00 00 00 00 00 00 00 00
00 00 00 01 01 00 00 00
00 00 00 00 04 00 00 00
00 00 00 00 00 01 00 00
00 03 00 00 00 00 00 00
00 00 00 00 00 01 00 00
00 00 00 00 00 00 00 00
03 0b 09 06 09 00 00 00
33 68 66 67 44 37 00 00
00 00 04 27 34 00 00 00
00 00 31 3a 00 00 00 00
00 00 00 32 36 00 00 00
07 00 00 00 33 27 00 00
32 3a 11 06 20 37 00 00
00 39 5c 5e 3b 00 00 00
25 2b 26 26 21 0e 00 00
46 55 52 57 45 2c 00 00
00 00 23 35 29 00 00 00
00 00 3f 28 11 00 00 00
00 00 00 44 2c 0b 00 00
27 0d 00 00 4f 2b 00 00
44 28 2b 24 38 26 00 00
00 47 49 51 28 00 00 00
00 00 00 00 00 00 00 00
00 00 00 00 00 00 00 00
00 00 00 00 00 00 00 00
00 00 00 00 00 00 00 00
00 00 00 00 00 00 00 00
00 00 00 00 00 00 00 00
00 00 00 00 00 00 00 00
00 00 00 00 00 00 00 00
IMG 1
00 00 00 00 06 03 0b 06 72 71 63 6c 63 76 04 00
00 00 10 08 06 03 06 01 75 77 7f 74 7f 7c 03 00
00 00 03 00 00 00 6f 7d 0a 00 13 00 03 00 7e 69
07 00 03 11 14 00 72 7b 12 00 00 01 00 00 6a 77
02 00 05 01 00 00 00 02 00 05 02 07 05 00 5f 6f
00 00 0b 00 00 14 02 00 00 0b 00 07 04 06 7f 69
06 00 09 03 07 00 00 02 01 00 09 00 75 6f 00 00
04 01 00 00 00 00 00 03 00 00 10 06 6c 7f 00 0e
00 00 00 00 02 00 00 06 0a 00 7c 74 00 00 0d 0c
10 14 00 02 00 0b 03 0b 05 01 69 67 15 00 00 0b
05 0a 0b 03 00 00 08 0f 66 78 00 02 07 04 00 00
05 00 00 02 00 03 00 00 7d 74 0e 0b 0d 0c 10 00
00 00 07 08 00 00 7c 76 6a 7c 72 68 69 75 71 68
0f 00 00 00 07 01 7f 78 64 4f 6e 6f 68 67 74 7b
00 03 11 00 0f 00 05 00 00 05 05 17 00 00 00 00
09 0f 00 00 00 15 00 00 06 01 00 13 00 00 00 00
POOL1
06 03 04 02 00 00 00 06
07 05 06 00 1f 25 22 00
05 07 16 15 1b 05 04 00
08 08 07 09 07 05 00 16
05 06 04 03 04 00 16 1c
06 07 07 05 00 11 15 06
05 05 05 00 00 00 00 00
05 0b 13 22 20 1b 21 21
03 00 10 10 11 0a 33 16
00 04 0d 24 1c 13 3c 21
03 00 0a 26 22 10 02 21
01 03 02 06 0f 0b 28 29
02 00 02 0a 0b 29 24 1e
05 05 11 14 06 1e 19 00
01 02 12 10 10 14 0c 24
03 03 04 18 17 0f 0d 2b
00 00 00 00 00 00 00 00
00 00 00 00 00 00 00 03
00 00 00 00 00 00 00 00
00 00 00 00 00 00 00 00
00 00 00 00 00 00 00 00
00 00 00 00 00 00 00 00
00 00 00 00 00 00 00 00
00 00 00 00 00 00 00 00
00 00 00 0f 3b 3b 39 25
00 00 00 2d 16 09 1a 4d
00 00 00 11 09 00 0f 4f
00 00 00 00 00 10 2f 16
00 00 00 00 0f 2c 16 08
00 00 00 17 56 3c 22 23
00 00 00 2e 50 44 37 3b
00 00 00 09 08 0b 09 13
00 00 00 02 00 00 00 04
00 00 00 00 00 00 00 00
00 00 01 00 00 00 04 00
00 00 00 00 00 01 00 00
00 00 00 00 02 00 00 00
00 00 00 00 00 00 00 03
00 00 00 00 00 00 00 00
01 00 00 00 00 00 00 00
00 00 00 06 6c 6b 6e 2a
00 00 24 48 42 48 41 39
00 00 11 24 0c 00 1e 40
00 00 00 00 00 06 3f 2c
00 00 00 00 0c 43 33 0d
00 00 00 0a 2a 2a 06 00
00 00 22 70 6d 66 6b 6b
00 00 17 3d 31 39 38 3c
00 00 00 19 5b 5c 5d 09
00 00 1c 50 24 23 27 55
00 00 03 1d 00 00 16 50
00 00 00 00 00 17 42 1e
00 00 00 00 17 3e 23 00
00 00 00 18 47 1d 00 00
00 00 1e 5a 59 55 58 5a
00 00 09 20 14 21 19 1d
00 00 00 00 00 00 00 00
00 00 01 00 00 00 00 00
00 00 00 00 00 00 00 00
00 00 00 00 00 00 00 00
00 00 00 00 00 00 00 00
00 00 00 00 00 00 00 00
00 00 00 00 00 00 00 00
00 00 00 00 00 00 00 00
IMG 2
13 00 00 02 00 00 0b 0b 00 00 10 00 13 00 00 00
01 03 09 00 5b 5e 63 67 5f 60 00 00 08 00 00 00
00 05 03 0e 58 66 6d 61 70 58 0a 02 01 00 00 02
00 00 68 5c 00 02 00 01 03 0a 70 5d 00 00 00 00
01 01 65 67 13 13 00 00 00 09 64 54 00 00 02 01
00 07 4d 57 08 00 00 00 00 00 5a 5e 00 00 01 06
00 00 69 5c 06 00 07 00 05 08 72 55 00 00 11 00
0c 02 16 08 60 64 6a 66 5e 5b 00 00 00 00 01 00
01 08 0b 00 76 55 62 6b 66 5e 00 07 00 00 00 00
00 00 61 54 00 03 0e 00 08 00 5a 62 00 00 00 00
00 00 5d 70 04 00 00 00 00 00 5f 56 01 0d 00 08
00 00 59 6a 00 00 00 03 00 00 4f 63 02 13 00 04
00 00 68 6f 00 00 00 00 02 00 53 65 00 00 02 00
0c 0b 0c 02 60 53 5c 5d 66 54 00 02 04 0a 00 05
02 08 00 08 5b 6d 67 6b 5a 6d 04 03 00 01 02 00
00 00 04 00 08 00 0b 00 00 08 04 00 0f 07 00 06
POOL1
06 04 00 00 00 09 09 06
06 00 1b 21 18 00 07 06
04 00 18 09 05 00 17 05
0b 03 00 00 00 16 17 09
07 00 20 1b 1e 00 07 06
06 00 1a 09 05 00 12 07
0d 08 03 00 00 0d 18 09
07 0e 1a 20 20 1c 05 07
05 0c 01 00 00 01 05 01
0f 00 09 0e 31 11 03 01
02 01 07 04 00 00 03 01
02 31 12 00 00 25 15 05
0d 07 11 0e 32 15 01 01
01 00 02 04 01 00 03 01
02 32 1c 00 00 1f 18 03
03 04 0d 12 22 1b 01 01
00 00 00 00 00 00 00 00
00 00 00 00 00 00 00 00
00 00 00 00 00 00 00 00
00 00 00 00 00 00 00 00
00 00 00 00 00 00 00 00
00 00 00 00 00 00 00 00
00 00 00 00 00 00 00 00
00 00 00 00 00 00 00 00
00 00 2c 36 32 0f 00 00
00 23 17 1a 2b 2a 0b 00
00 3f 1d 00 00 42 1a 00
00 29 32 32 31 21 08 00
00 1c 17 1f 29 28 0d 00
00 47 22 00 00 3e 1d 00
00 2e 2d 31 31 21 09 00
00 00 1a 1a 26 0b 00 00
00 00 00 00 05 00 00 00
00 00 00 00 00 02 00 00
00 00 00 00 00 00 00 00
00 00 00 00 02 00 01 00
00 02 00 00 00 03 00 00
00 00 00 00 00 00 00 00
00 00 00 00 02 00 01 00
00 00 00 00 00 00 00 00
00 02 08 07 07 00 00 00
04 0e 5a 63 5b 18 00 00
1d 2f 0f 00 22 32 07 00
13 31 1b 0a 11 38 1b 00
06 14 66 5d 5d 1d 00 00
1a 31 0a 00 1a 2b 0b 00
14 37 23 02 0b 2e 25 00
00 19 55 5c 5e 1f 00 00
00 05 23 27 22 00 00 00
07 23 4d 51 4b 24 00 00
17 47 00 00 1b 48 00 00
13 3b 23 28 22 34 00 00
08 1f 4e 4f 4b 1e 00 00
13 49 00 00 12 41 00 00
13 43 1f 21 1e 2f 00 00
00 14 49 4f 4c 00 00 00
00 00 00 00 00 00 00 00
00 00 00 00 00 00 00 00
00 00 00 00 00 00 00 00
00 00 00 00 00 00 00 00
00 00 00 00 00 00 00 00
00 00 00 00 00 00 00 00
00 00 00 00 00 00 00 00
00 00 00 00 00 00 00 00
IMG 3
00 05 00 00 00 00 00 00 14 01 00 16 00 00 17 0d
00 0a 00 01 00 00 00 02 01 00 04 00 02 00 03 00
00 11 00 00 00 00 00 00 5d 7e 61 75 5c 61 00 00
00 00 0d 00 02 00 00 00 66 6d 71 78 57 63 0a 02
03 06 0c 00 0a 17 67 5c 01 00 00 00 02 09 62 64
00 05 04 00 05 11 67 5d 02 00 0c 00 00 05 65 79
08 06 05 00 00 0a 70 6d 10 00 00 00 05 00 69 6a
08 05 00 00 00 00 56 6d 00 00 05 15 00 00 69 63
0f 0b 07 05 00 0b 01 00 62 6a 6b 5f 6f 5f 00 11
19 00 00 00 00 01 00 00 79 60 5f 4a 6e 60 00 00
03 00 02 00 00 03 65 67 03 00 04 0d 17 06 6c 74
00 00 05 0f 00 00 64 7f 02 00 08 05 00 00 66 78
0c 00 03 06 00 00 6f 5c 04 00 00 00 00 00 65 65
00 00 00 0a 05 00 60 68 00 05 08 00 00 07 60 5f
0a 00 04 00 00 02 0f 00 74 71 5e 77 79 67 01 03
00 01 09 05 06 00 00 05 52 7f 6b 6e 75 6e 0d 04
POOL1
04 06 06 05 04 03 05 09
07 07 06 06 00 00 00 06
05 08 02 00 1e 21 21 00
05 07 06 00 14 05 06 00
08 08 0f 0c 00 00 00 11
0a 04 06 00 21 19 13 00
08 04 08 00 1c 07 06 01
06 05 0f 08 00 00 00 14
02 01 01 0a 07 00 01 08
04 01 0a 10 0d 0f 2c 13
01 03 0c 00 0f 14 2d 1a
00 01 00 30 1a 04 00 21
03 03 10 34 17 11 2c 25
07 02 0f 05 15 12 35 1a
01 03 02 2f 13 01 03 21
02 01 02 2f 1e 09 26 1f
00 00 00 00 00 00 00 00
00 00 00 00 00 00 00 00
00 00 00 00 00 00 00 00
00 00 00 00 00 00 00 00
00 00 00 00 00 00 00 00
00 00 00 00 00 00 00 02
00 00 00 00 00 00 00 00
00 00 00 00 00 00 00 00
00 00 00 00 1f 1e 1f 08
00 00 00 0b 36 38 33 1f
00 00 02 48 1f 0a 12 4a
00 00 00 45 21 1e 1c 49
00 00 00 14 34 30 31 1c
00 00 00 4b 1f 06 17 4b
00 00 00 46 22 1e 20 46
00 00 00 14 34 39 39 12
00 00 00 00 00 00 02 00
00 00 00 03 00 00 00 03
00 00 00 00 00 00 00 00
00 00 00 00 00 00 02 00
00 00 00 04 00 00 00 03
00 00 00 00 00 00 00 00
00 00 00 00 00 00 01 00
00 00 00 00 00 00 00 00
00 00 00 00 00 00 00 00
00 00 00 02 65 6e 66 1d
00 00 26 33 38 3b 34 34
00 00 23 3d 27 00 20 3a
00 00 07 2a 67 62 54 28
00 00 1d 34 35 31 33 39
00 00 1d 36 20 00 1c 35
00 00 0b 30 60 6f 6d 25
00 00 00 00 00 00 00 00
00 00 00 0f 58 57 4b 04
00 00 20 49 1b 1d 1f 4e
00 00 1e 4d 08 00 18 4f
00 00 00 1d 51 4b 4d 1d
00 00 16 50 1b 19 20 52
00 00 17 4e 07 00 16 4c
00 00 02 22 54 5c 5a 18
00 00 00 00 00 00 00 00
00 00 00 00 00 00 00 00
00 00 00 00 00 00 00 00
00 00 00 00 00 00 00 00
00 00 00 00 00 00 00 00
00 00 00 00 00 00 00 00
00 00 00 00 00 00 00 00
00 00 00 00 00 00 00 00
IMG 4
00 00 00 00 00 03 00 00 0c 0b 11 00 12 05 02 00
00 5c 68 72 6c 6b 52 68 5d 62 64 12 00 00 00 00
0e 61 63 79 51 67 4e 5b 6b 59 62 12 09 04 01 02
07 00 00 02 0a 00 00 09 00 5a 77 15 00 0b 00 0f
01 09 04 06 1d 0a 00 02 00 5c 67 00 00 04 09 1f
03 00 0c 00 00 08 00 61 65 00 0b 0b 00 0c 02 00
00 04 01 0c 17 00 00 73 63 00 04 00 00 00 00 0a
09 00 00 05 0d 56 67 00 0a 00 07 00 02 00 00 00
00 10 12 00 0b 53 67 11 00 10 03 0c 0a 09 07 04
00 00 0a 69 5d 02 00 00 00 0b 16 00 06 02 0b 00
0c 00 03 58 61 00 11 00 00 00 00 04 0a 00 00 00
00 00 00 57 67 00 0e 0b 05 0c 0d 03 05 0b 00 08
00 0f 00 62 6a 09 08 04 0b 03 0b 00 00 07 09 02
11 00 04 58 6a 0f 00 03 0d 0c 0c 10 00 04 00 09
02 00 09 60 55 11 00 00 00 06 00 00 00 04 00 00
00 08 0f 09 00 00 00 0b 14 00 00 00 00 0c 08 00
POOL1
00 00 00 00 00 03 09 06
0e 1f 20 1e 00 13 05 04
06 05 0a 00 05 19 09 08
07 05 00 02 17 07 09 06
07 00 09 1a 09 06 06 06
07 00 14 04 05 07 07 07
05 00 15 06 04 07 05 06
05 0d 16 07 08 09 07 07
0e 00 00 00 00 00 02 01
00 17 10 0d 1d 00 05 03
03 03 03 13 00 22 02 05
02 05 11 00 26 03 01 04
04 13 00 1e 03 03 01 03
04 00 00 03 00 02 04 02
03 00 00 06 03 03 03 03
05 00 1e 05 01 05 05 01
00 00 00 00 00 00 00 00
00 00 00 00 00 00 00 00
00 00 00 00 00 00 00 00
00 00 00 00 00 00 00 00
00 00 00 00 00 00 00 00
00 00 00 00 00 00 00 00
00 00 00 00 00 00 00 00
00 00 00 00 00 00 00 00
18 35 34 2c 31 2d 00 00
04 1e 1e 16 28 43 00 00
00 00 00 19 23 25 00 00
00 00 19 1b 27 00 00 00
00 19 1f 23 00 00 00 00
00 15 43 00 00 00 00 00
00 13 43 00 00 00 00 00
00 06 21 00 00 00 00 00
00 00 00 00 00 00 00 00
00 00 00 00 00 00 00 00
00 00 00 00 03 00 00 00
00 00 00 04 01 00 00 00
00 00 00 00 00 00 00 00
00 00 00 00 00 00 00 00
01 00 00 00 00 00 00 00
00 00 00 00 00 00 00 00
00 06 09 07 0c 00 00 00
31 65 6b 5e 5f 21 00 00
00 00 00 07 27 3c 00 00
00 00 08 29 3a 00 00 00
00 09 24 32 00 00 00 00
00 31 1a 00 00 00 00 00
00 2f 1f 00 00 00 00 00
00 2c 39 00 00 00 00 00
1f 2a 25 24 28 16 00 00
41 55 50 4b 52 2f 00 00
00 00 00 22 35 31 00 00
00 00 1e 38 2b 00 00 00
00 22 32 2b 00 00 00 00
00 45 23 00 00 00 00 00
00 48 2a 00 00 00 00 00
00 3c 2b 00 00 00 00 00
00 00 00 00 00 00 00 00
00 00 00 00 00 00 00 00
00 00 00 00 00 00 00 00
00 00 00 00 00 00 00 00
00 00 00 00 00 00 00 00
00 00 00 00 00 00 00 00
00 00 00 00 00 00 00 00
00 00 00 00 00 00 00 00
IMG 5
04 00 00 0e 00 09 00 01 00 00 00 00 07 04 00 00
00 04 05 07 01 03 00 10 01 00 08 0b 0b 05 0b 00
00 00 00 00 01 7f 73 7d 7f 7f 7c 7b 7f 7a 7f 00
00 03 00 00 04 7f 7b 7f 71 7f 7f 71 7f 79 78 00
02 00 00 00 00 63 7f 07 00 00 09 00 04 00 00 00
00 0a 01 08 01 6f 7b 00 00 0a 00 00 10 0c 09 00
00 09 09 00 0e 7d 7f 7f 6c 7f 76 7f 7f 00 04 02
0e 00 00 00 00 6f 79 7c 7f 6b 7f 7d 6e 0a 0b 0b
00 01 00 0e 00 00 00 00 05 04 06 0f 03 67 73 00
00 00 00 0c 00 00 04 03 07 0a 05 0c 01 7f 61 07
09 09 05 00 03 00 00 00 00 01 02 15 00 7f 7f 01
0c 00 00 04 00 00 0b 02 00 00 00 02 1a 7f 7a 00
06 07 00 0a 1e 7d 72 00 0f 0d 02 10 0a 71 70 03
00 07 05 04 0e 78 6f 00 0b 00 04 0f 00 7c 6a 00
05 00 0b 04 00 00 09 7f 6c 7f 7f 71 7f 0d 00 0b
00 05 05 06 00 00 00 78 7f 77 75 7a 7f 12 0e 1c
POOL1
05 05 04 04 06 04 03 07
06 07 00 00 00 00 00 1b
05 05 00 1e 25 23 23 1f
05 08 00 00 00 00 02 06
08 05 13 22 23 1f 00 1a
06 06 08 07 07 06 00 1c
06 05 00 00 03 03 00 1b
06 07 14 00 00 00 14 18
02 02 14 02 02 01 00 00
00 03 14 00 11 0e 0f 29
02 00 00 01 12 13 10 27
00 06 00 14 0d 0f 35 02
04 02 03 10 16 13 38 00
00 04 0c 00 03 07 00 00
03 01 10 3a 00 02 00 23
01 04 02 3c 0d 12 24 28
00 00 00 00 00 00 00 00
00 00 00 00 00 00 00 01
00 00 00 00 00 00 00 00
00 00 00 00 00 00 00 00
00 00 00 00 00 00 00 00
00 00 00 00 00 00 00 00
00 00 00 02 00 00 00 00
00 00 00 00 00 00 00 00
00 00 0d 24 25 25 26 1e
00 00 22 44 41 3f 40 3a
00 00 1c 5a 22 24 20 17
00 00 1c 5a 3e 3d 38 19
00 00 00 06 0a 0d 2b 51
00 00 11 1c 00 00 27 56
00 00 22 36 24 26 22 53
00 00 00 2f 3f 3e 2e 1a
00 00 00 00 00 00 00 03
00 00 00 00 00 00 00 00
00 00 00 00 00 00 03 02
00 00 00 00 00 00 00 03
00 00 00 00 00 00 00 00
00 00 00 03 00 00 00 00
00 00 00 00 00 00 01 00
00 00 00 00 00 00 00 01
00 00 00 00 00 00 00 00
00 00 3e 5e 7b 7a 7a 47
00 00 3f 48 43 45 40 1d
00 00 42 78 76 77 4a 00
00 00 28 42 40 41 36 20
00 00 00 00 00 00 44 2a
00 00 44 48 00 00 43 41
00 00 2b 3d 78 77 4c 1f
00 00 00 00 00 00 00 00
00 00 5d 61 65 63 63 35
00 00 59 45 23 1f 22 0a
00 00 5d 63 61 63 34 00
00 00 1e 20 1f 24 53 2b
00 00 00 00 00 00 61 32
00 00 52 31 00 00 5b 2e
00 00 20 53 63 61 3d 0a
00 00 00 00 00 00 00 00
00 00 00 00 00 00 00 00
00 00 00 00 00 00 00 00
00 00 00 00 00 00 00 00
00 00 00 00 00 00 00 00
00 00 00 00 00 00 00 00
00 00 00 00 00 00 00 00
00 00 00 00 00 00 00 00
IMG 6
05 00 00 00 00 00 00 00 0c 06 0c 00 02 00 00 00
00 00 00 02 0d 00 1b 09 0c 0c 0c 0b 0c 0e 00 00
04 00 0b 06 0e 52 49 4e 4e 5a 58 00 05 07 00 00
09 00 08 08 00 5d 43 5d 5c 52 57 00 0b 09 21 0d
00 00 00 63 50 03 00 02 00 00 00 66 6a 06 02 00
00 00 00 60 5f 00 1c 17 00 00 00 55 66 01 00 00
00 04 00 00 01 00 03 02 04 08 00 65 4d 00 00 09
13 00 0c 00 00 06 00 00 00 00 05 4b 46 05 00 05
00 00 13 00 00 00 08 00 07 42 59 0e 00 00 00 00
01 00 00 00 04 11 00 00 00 5e 54 00 00 10 00 08
02 00 08 19 00 00 00 57 5c 00 0d 00 00 01 00 00
03 00 08 01 02 00 00 5a 58 09 00 00 00 00 00 05
07 00 00 00 00 63 50 00 0e 00 00 13 0a 08 00 00
00 17 00 08 00 54 66 00 00 15 00 04 07 00 0a 01
03 03 06 53 51 56 65 46 53 52 5c 4d 5b 02 03 00
09 08 00 6a 5c 5d 5b 61 70 52 49 56 4b 0b 00 1f
POOL1
05 05 05 02 00 04 05 06
06 02 00 00 00 04 04 05
09 00 0b 19 1d 00 18 0b
04 10 1c 08 08 00 18 05
07 07 04 06 00 14 12 07
05 07 06 00 16 17 07 09
05 07 00 04 15 03 05 06
06 00 00 00 00 00 14 05
03 02 09 00 00 00 01 01
01 0f 0e 09 08 2d 06 00
02 0e 1e 0a 0e 2b 03 0a
03 00 24 0a 09 00 1c 02
03 05 01 0e 0e 13 1c 01
01 05 15 12 1b 1f 03 04
04 0b 0b 04 22 01 00 02
00 12 08 0f 07 0c 1b 03
00 00 00 00 00 00 00 00
00 00 00 00 00 00 00 00
00 00 00 00 00 00 01 00
00 00 00 00 00 00 00 00
00 00 00 00 00 00 00 00
00 00 00 00 00 00 00 00
00 00 00 00 00 00 00 00
00 00 00 00 00 00 00 00
00 00 07 16 17 16 00 00
00 08 15 27 2b 25 17 00
00 18 22 06 07 21 42 00
00 00 0d 00 05 15 37 00
00 00 00 05 13 1c 08 00
00 00 06 13 21 0f 00 00
00 06 23 43 19 16 13 00
00 16 27 45 2d 29 24 00
00 00 00 00 00 01 00 00
00 00 01 00 00 00 02 00
00 00 00 00 00 00 00 00
00 00 00 00 00 00 00 00
00 01 00 00 04 00 01 00
00 00 00 02 00 00 00 00
00 00 00 00 00 00 01 00
00 00 00 00 00 00 00 00
00 00 00 00 00 00 00 00
00 00 0f 4d 52 30 00 00
00 29 32 29 29 30 1a 00
00 1b 17 00 00 27 28 00
00 00 00 00 0e 2f 13 00
00 00 00 16 30 12 00 00
00 00 16 1c 17 00 00 00
00 27 55 54 56 4d 2e 00
00 00 00 00 00 00 00 00
00 00 27 3e 42 20 00 00
00 3c 23 12 10 48 23 00
00 15 05 00 00 3f 21 00
00 00 00 00 28 25 02 00
00 00 00 2f 26 04 00 00
00 00 38 1f 08 00 00 00
00 3a 46 46 45 3d 22 00
00 00 00 00 00 00 00 00
00 00 00 00 00 00 00 01
00 00 00 01 00 00 00 00
00 00 00 00 00 00 00 00
00 00 00 00 00 00 00 00
00 00 00 00 00 00 00 00
00 00 00 00 00 00 00 00
00 00 00 00 00 00 00 00
IMG 7
00 0d 00 09 09 00 07 00 00 00 00 0a 00 00 0a 05
09 05 03 12 00 01 00 05 0a 00 0c 00 00 00 04 16
05 00 01 01 6d 73 77 69 6f 7f 00 00 0b 0f 04 00
00 00 00 00 67 68 7b 6d 66 6c 03 02 0c 07 00 00
03 00 74 7c 0f 05 07 00 08 0e 68 78 02 00 00 00
00 00 71 71 09 10 11 00 00 0d 7f 70 10 10 00 02
00 04 00 00 00 02 02 07 00 00 66 60 0b 00 03 00
00 0f 01 08 00 01 00 0a 00 00 67 79 00 10 00 00
00 06 06 00 00 00 04 00 6d 73 00 09 02 00 0f 00
03 00 00 00 00 08 00 00 6b 67 17 0a 03 05 02 00
02 09 05 05 00 00 73 78 00 00 01 07 05 00 0a 05
00 04 0f 00 03 00 74 63 0d 00 00 00 00 08 07 00
04 12 00 00 6e 77 01 0f 00 00 00 0a 01 00 01 08
0b 00 0f 00 69 64 00 07 0a 02 09 00 11 05 00 01
00 00 60 73 7b 75 60 6f 79 57 76 68 07 00 00 0e
03 07 6b 66 73 6c 66 75 67 5f 63 67 00 0a 0c 00
POOL1
05 04 04 04 05 07 05 04
07 08 00 00 00 04 06 08
05 00 1b 21 1b 00 14 07
12 14 1e 07 07 00 18 09
06 09 06 07 00 14 1f 08
03 06 06 00 19 19 06 06
06 03 00 13 17 03 05 06
04 00 00 00 00 05 14 05
01 0f 04 01 00 03 04 03
12 13 08 0e 32 1a 03 05
11 24 1c 10 36 14 00 00
03 26 18 11 03 1e 13 01
01 03 11 11 25 20 18 03
03 12 12 24 1e 1a 03 02
11 0f 02 26 17 01 00 02
0e 07 14 0d 13 25 17 02
00 00 00 00 00 00 00 00
00 00 00 00 00 00 00 00
00 00 00 00 00 00 00 00
00 00 00 00 00 00 00 00
00 00 00 00 00 00 00 00
00 00 00 00 00 00 00 00
00 00 00 00 00 00 00 00
00 00 00 00 00 00 00 00
00 00 1f 20 20 0d 00 00
00 0e 36 39 37 26 0d 00
00 2b 15 0b 1a 4b 24 00
00 11 06 00 0b 4b 25 00
00 00 00 0d 29 18 08 00
00 00 0b 2c 12 05 00 00
00 10 54 34 22 1a 0d 00
00 2b 53 42 3a 33 12 00
00 00 00 00 05 00 00 00
00 01 00 00 00 04 00 00
00 00 00 00 00 00 00 00
00 00 00 00 03 00 00 00
00 00 00 03 00 00 00 00
00 00 03 00 00 00 00 00
00 00 00 00 00 03 00 00
00 00 00 00 00 00 00 00
00 00 00 00 00 00 00 00
00 08 6a 6d 6e 24 00 00
20 48 3d 38 39 3d 13 00
0d 24 09 00 26 3a 28 00
00 00 00 07 41 30 0b 00
00 00 06 44 2d 0c 00 00
00 09 1f 31 08 00 00 00
1a 6c 6d 69 67 61 25 00
00 00 00 00 00 00 00 00
00 13 59 5a 58 03 00 00
1b 4f 21 1e 23 57 00 00
04 1c 00 00 1d 51 04 00
00 00 00 13 3a 22 00 00
00 00 17 3d 1f 00 00 00
00 17 43 23 00 00 00 00
18 59 5b 58 52 53 00 00
00 00 00 00 00 00 00 00
00 00 00 00 00 00 00 00
00 00 00 00 00 00 00 00
00 00 00 00 00 00 00 00
00 00 00 00 00 00 00 00
00 00 00 00 00 00 00 00
00 00 00 00 00 00 00 00
00 00 00 00 00 00 00 00
SIGNATURE e4c64381
