# conv1 salidas N=8 formato: 8 canales 16x16 int8 post-requantize
# M1=5064654 SHIFT=31
IMG 0
00 00 00 00 00 00 00 00 00 00 00 04 04 05 03 04
00 00 00 00 00 00 00 00 00 00 00 02 04 06 03 03
00 00 00 00 00 00 00 00 00 00 00 15 07 04 01 03
0f 0a 1e 21 1e 21 00 00 08 19 11 1a 05 07 06 07
02 09 05 05 00 00 00 00 01 17 03 02 04 04 05 06
02 09 03 01 00 00 00 08 0e 18 05 06 06 06 04 06
02 03 03 05 00 00 00 02 00 05 03 07 06 06 04 07
02 06 04 03 12 08 00 00 00 00 04 06 05 05 04 05
03 03 03 06 01 04 00 00 00 05 00 07 04 06 06 06
01 04 04 07 00 04 0f 0a 00 00 00 01 02 06 04 04
00 00 00 06 06 05 08 03 00 00 00 11 02 04 03 04
00 00 00 02 03 07 06 05 00 00 00 19 00 05 07 04
00 00 00 00 00 00 00 00 00 00 06 16 07 03 0a 06
0d 07 00 00 00 00 00 00 00 07 0e 1a 06 06 07 06
01 03 04 00 00 00 00 00 00 11 03 03 04 05 05 06
04 08 12 0c 16 1f 1d 1d 0f 19 02 03 05 04 05 05
11 00 00 00 00 00 00 00 00 00 00 00 00 00 01 00
0f 00 00 00 00 00 00 00 00 00 00 00 01 04 00 00
00 00 0b 0a 12 0b 18 0f 00 00 1c 15 03 02 00 01
00 00 11 0e 0f 10 19 19 00 00 26 1c 00 00 00 05
03 02 02 04 0b 00 00 00 24 19 00 00 00 02 00 00
00 00 02 00 0c 00 00 00 21 1a 00 00 03 03 01 01
00 00 00 00 00 00 2e 1a 00 00 00 00 01 00 02 01
04 09 00 00 00 00 2f 1a 00 00 02 03 00 00 01 01
01 00 00 03 03 00 00 00 2d 11 00 00 00 00 00 02
02 00 00 04 00 01 00 00 31 1c 00 00 00 00 02 00
0e 00 00 00 00 03 04 01 00 00 00 00 05 00 00 01
0e 00 00 00 01 00 00 00 00 00 00 00 01 02 00 02
00 00 33 12 00 00 00 00 00 00 27 17 00 03 05 01
00 00 2e 19 00 00 00 00 00 00 1f 15 00 02 01 01
00 00 00 00 19 0d 03 0c 26 11 00 01 00 00 00 00
00 06 00 00 0e 0f 09 0f 27 17 00 03 01 01 01 01
00 00 00 00 00 00 00 00 00 00 00 00 00 00 00 00
00 00 00 00 00 00 00 00 00 00 00 00 00 00 00 00
00 00 00 00 00 00 00 00 00 00 00 00 00 00 00 00
00 00 00 00 00 00 00 00 00 00 00 00 00 00 00 00
00 00 00 00 00 00 00 00 00 00 00 00 00 00 00 00
00 00 00 00 00 00 00 00 00 00 00 00 00 00 00 00
00 00 00 00 00 00 00 00 00 00 00 00 00 00 00 00
00 00 00 00 00 00 00 00 01 00 00 00 00 00 00 00
00 00 00 00 00 00 00 00 00 00 00 00 00 00 00 00
00 00 00 00 00 00 00 00 00 00 01 00 00 00 00 00
00 00 00 00 00 00 00 00 00 00 00 00 00 00 00 00
00 00 00 00 00 00 00 00 00 00 00 00 00 00 00 00
00 00 00 00 00 00 00 00 00 00 00 00 00 00 00 00
00 00 00 00 00 00 00 00 00 00 00 00 00 00 00 00
00 00 00 00 00 00 00 00 00 00 00 00 00 00 00 00
00 00 00 00 00 00 00 00 00 00 00 00 00 00 00 00
00 09 1e 1e 1e 1c 1a 1c 1c 18 12 09 00 00 00 00
00 1a 34 37 35 33 34 34 33 2d 2c 10 00 00 00 00
00 09 1b 1c 1f 1b 20 32 3b 2b 23 0b 00 00 00 00
00 00 05 02 03 04 06 28 39 1a 0f 06 00 00 00 00
00 00 00 00 00 09 08 14 27 0c 00 00 00 00 00 00
00 00 00 00 00 16 21 09 0c 05 00 00 00 00 00 00
00 00 00 00 00 04 29 1d 14 09 00 00 00 00 00 00
00 00 00 00 00 00 13 23 2c 11 00 00 00 00 00 00
00 00 00 00 00 00 00 01 2e 1d 13 07 00 00 00 00
00 00 00 00 00 00 00 00 17 2a 2a 0f 00 00 00 00
00 0f 18 06 00 00 00 00 00 1c 48 1b 00 00 00 00
00 1b 2d 0d 00 00 00 00 00 17 44 1c 00 00 00 00
00 09 2f 1f 21 1b 16 19 07 14 27 0b 00 00 00 00
00 00 16 27 31 30 2c 32 23 0b 0c 04 00 00 00 00
00 00 00 02 20 19 14 1a 28 0c 00 00 00 00 00 00
00 00 00 00 02 03 00 02 0f 06 00 00 00 00 00 00
00 00 00 00 00 00 00 00 00 00 02 00 00 00 00 00
00 00 00 00 00 00 00 00 00 00 00 00 00 00 00 00
00 00 00 00 00 00 00 00 00 00 00 00 00 00 00 00
00 00 00 00 00 00 00 00 00 00 00 00 00 00 00 00
00 00 00 00 00 00 01 00 00 00 00 00 00 00 00 00
00 00 00 00 00 00 00 00 00 01 00 00 00 00 00 00
00 00 00 00 00 00 00 00 04 00 00 00 00 00 00 00
00 00 00 00 00 00 00 00 00 00 00 00 00 00 00 00
00 00 00 00 00 00 00 00 00 00 01 00 00 00 00 00
00 00 00 00 00 00 00 00 00 00 00 00 00 00 00 00
00 00 03 00 00 00 00 00 00 00 00 00 00 00 00 00
00 00 00 00 00 00 00 00 00 00 00 00 00 00 00 00
00 00 00 00 00 00 00 00 00 00 00 00 00 00 00 00
00 00 00 00 00 00 00 00 00 00 00 01 00 00 00 00
00 00 00 00 00 00 00 00 00 00 00 00 00 00 00 00
00 00 00 00 00 00 00 00 00 00 00 00 00 00 00 00
00 00 00 00 00 00 00 00 00 00 00 00 00 00 00 00
03 01 0b 09 09 07 03 06 04 09 00 00 00 00 00 00
1c 33 67 68 63 66 67 60 44 3d 37 26 00 00 00 00
0d 26 35 38 36 37 4c 44 3a 39 1b 04 00 00 00 00
00 00 00 00 00 00 00 19 34 24 00 00 00 00 00 00
00 00 00 00 01 04 08 27 16 05 00 00 00 00 00 00
00 00 00 00 1e 31 3a 1f 00 00 00 00 00 00 00 00
00 00 00 00 0c 1c 25 11 00 00 00 00 00 00 00 00
00 00 00 00 00 00 13 32 36 28 00 00 00 00 00 00
00 00 00 00 00 00 10 23 2c 11 00 00 00 00 00 00
00 00 00 00 00 00 00 00 20 2c 14 0a 00 00 00 00
07 04 00 00 00 00 00 00 22 33 27 0e 00 00 00 00
1f 32 3a 1f 00 00 00 00 00 1e 37 21 00 00 00 00
0d 1c 2e 16 11 08 06 01 09 20 15 01 00 00 00 00
00 00 23 39 5b 5c 57 5e 3b 20 00 00 00 00 00 00
00 00 08 1d 2e 2f 34 34 1e 05 00 00 00 00 00 00
00 00 00 00 00 00 00 00 00 00 00 00 00 00 00 00
08 25 2b 29 26 24 25 26 1f 21 0e 00 00 00 00 00
1b 46 53 55 52 51 56 57 45 3d 2c 00 00 00 00 00
06 1c 19 19 1a 19 31 4b 35 1a 08 00 00 00 00 00
00 00 00 00 00 00 0f 35 29 00 00 00 00 00 00 00
00 00 00 00 06 23 1c 18 07 00 00 00 00 00 00 00
00 00 00 00 18 3f 28 01 00 00 00 00 00 00 00 00
00 00 00 00 00 16 17 1f 11 00 00 00 00 00 00 00
00 00 00 00 00 00 11 44 2c 07 00 00 00 00 00 00
00 00 00 00 00 00 02 1b 20 1c 0b 00 00 00 00 00
00 00 00 00 00 00 00 00 18 4a 20 00 00 00 00 00
0b 27 0d 00 00 00 00 00 1b 4f 2b 00 00 00 00 00
1a 44 26 07 00 00 00 00 0f 38 26 00 00 00 00 00
04 19 20 28 2b 1e 22 24 1a 14 06 00 00 00 00 00
00 00 17 47 49 45 4b 51 28 00 00 00 00 00 00 00
00 00 00 14 17 14 18 18 0b 00 00 00 00 00 00 00
00 00 00 00 00 00 00 00 00 00 00 00 00 00 00 00
00 00 00 00 00 00 00 00 00 00 00 00 00 00 00 00
00 00 00 00 00 00 00 00 00 00 00 00 00 00 00 00
00 00 00 00 00 00 00 00 00 00 00 00 00 00 00 00
00 00 00 00 00 00 00 00 00 00 00 00 00 00 00 00
00 00 00 00 00 00 00 00 00 00 00 00 00 00 00 00
00 00 00 00 00 00 00 00 00 00 00 00 00 00 00 00
00 00 00 00 00 00 00 00 00 00 00 00 00 00 00 00
00 00 00 00 00 00 00 00 00 00 00 00 00 00 00 00
00 00 00 00 00 00 00 00 00 00 00 00 00 00 00 00
00 00 00 00 00 00 00 00 00 00 00 00 00 00 00 00
00 00 00 00 00 00 00 00 00 00 00 00 00 00 00 00
00 00 00 00 00 00 00 00 00 00 00 00 00 00 00 00
00 00 00 00 00 00 00 00 00 00 00 00 00 00 00 00
00 00 00 00 00 00 00 00 00 00 00 00 00 00 00 00
00 00 00 00 00 00 00 00 00 00 00 00 00 00 00 00
IMG 1
06 04 03 03 03 01 02 00 00 00 00 00 00 00 02 06
06 02 01 03 04 00 00 00 00 00 00 00 00 00 00 00
05 07 03 05 06 00 00 00 05 1f 20 25 22 00 00 00
05 04 00 00 02 00 00 00 17 09 03 09 05 00 00 00
05 05 06 07 05 16 0b 15 1b 07 03 02 04 00 00 00
05 03 03 05 01 03 05 05 04 03 05 00 00 00 00 00
04 05 03 06 07 04 09 05 07 01 05 00 00 00 05 16
04 08 05 08 06 07 04 03 05 00 00 00 00 00 11 03
01 05 06 05 04 04 03 01 04 00 00 00 09 0f 1c 01
00 00 03 06 03 03 00 00 00 00 00 00 16 06 04 06
03 03 07 04 07 03 05 00 00 00 03 11 15 06 06 05
06 06 05 07 06 00 00 00 00 00 00 00 00 00 00 00
04 05 03 03 05 00 00 00 00 00 00 00 00 00 00 00
03 03 05 03 05 00 00 00 00 00 00 00 00 00 00 00
01 03 04 02 01 13 0a 22 1e 20 12 1b 20 21 21 14
01 05 04 0b 00 07 04 05 05 06 05 02 0a 06 06 06
01 03 00 00 00 00 00 10 00 00 00 00 00 00 00 00
01 01 00 00 01 10 03 00 00 11 0a 07 09 33 16 00
00 00 03 04 00 0d 03 00 00 0a 13 11 10 3c 21 00
00 00 01 00 00 00 00 24 1c 00 02 04 00 00 00 00
02 03 00 00 0a 00 00 26 22 03 00 00 00 00 00 00
00 00 00 00 00 00 00 01 00 02 00 10 02 00 00 21
00 00 02 03 00 02 06 01 00 04 00 0b 03 00 00 29
01 00 01 02 02 02 01 01 00 0f 00 00 00 28 17 00
02 00 00 00 02 00 00 00 00 0b 01 00 00 24 1e 00
01 00 00 00 00 02 00 0a 01 00 00 29 19 00 00 05
00 05 05 00 00 01 01 14 02 00 00 1e 19 03 00 00
00 02 04 01 00 11 00 00 00 06 00 00 00 00 00 00
00 00 00 02 00 12 00 00 00 10 03 00 00 00 00 00
01 01 00 01 00 00 00 10 0c 0d 14 0a 03 0c 10 24
03 00 00 00 04 00 00 18 17 09 0b 0f 0c 0d 0d 2b
00 00 03 02 02 03 01 02 00 00 00 05 06 01 01 01
00 00 00 00 00 00 00 00 00 00 00 00 00 00 00 00
00 00 00 00 00 00 00 00 00 00 00 00 00 00 00 00
00 00 00 00 00 00 00 00 00 00 00 00 00 00 00 03
00 00 00 00 00 00 00 00 00 00 00 00 00 00 00 00
00 00 00 00 00 00 00 00 00 00 00 00 00 00 00 00
00 00 00 00 00 00 00 00 00 00 00 00 00 00 00 00
00 00 00 00 00 00 00 00 00 00 00 00 00 00 00 00
00 00 00 00 00 00 00 00 00 00 00 00 00 00 00 00
00 00 00 00 00 00 00 00 00 00 00 00 00 00 00 00
00 00 00 00 00 00 00 00 00 00 00 00 00 00 00 00
00 00 00 00 00 00 00 00 00 00 00 00 00 00 00 00
00 00 00 00 00 00 00 00 00 00 00 00 00 00 00 00
00 00 00 00 00 00 00 00 00 00 00 00 00 00 00 00
00 00 00 00 00 00 00 00 00 00 00 00 00 00 00 00
00 00 00 00 00 00 00 00 00 00 00 00 00 00 00 00
00 00 00 00 00 00 00 00 00 00 00 00 00 00 00 00
00 00 00 00 00 00 00 00 1d 3b 39 3b 39 36 15 00
00 00 00 00 00 00 0c 0f 20 24 22 22 1e 34 25 1a
00 00 00 00 00 00 1d 2a 16 07 09 06 05 1a 30 32
00 00 00 00 00 00 04 2d 14 00 00 00 00 00 19 4d
00 00 00 00 00 00 00 11 09 00 00 00 00 00 18 4f
00 00 00 00 00 00 00 00 00 00 00 00 0c 0f 1b 28
00 00 00 00 00 00 00 00 00 00 00 00 1e 25 16 14
00 00 00 00 00 00 00 00 00 00 0e 10 1b 2f 10 00
00 00 00 00 00 00 00 00 00 00 1d 28 0f 16 08 00
00 00 00 00 00 00 00 00 0f 0a 1c 2c 12 00 00 00
00 00 00 00 00 00 00 00 1f 2a 14 12 0c 00 00 00
00 00 00 00 00 00 0a 17 32 56 3c 1f 20 22 23 18
00 00 00 00 00 00 20 2e 35 50 44 37 36 37 3b 35
00 00 00 00 00 00 09 24 1b 18 21 21 1e 1b 1f 2c
00 00 00 00 00 00 00 09 08 01 01 0b 09 01 01 13
00 00 00 00 00 00 00 00 00 00 00 00 00 00 00 00
00 00 00 00 00 00 00 00 00 00 00 00 00 00 00 00
00 00 00 00 00 00 00 02 00 00 00 00 00 00 00 04
00 00 00 00 00 00 00 00 00 00 00 00 00 00 00 00
00 00 00 00 00 00 00 00 00 00 00 00 00 00 00 00
00 00 00 00 00 00 00 00 00 00 00 00 00 00 00 00
00 00 00 00 01 00 00 00 00 00 00 00 00 04 00 00
00 00 00 00 00 00 00 00 00 00 00 00 00 00 00 00
00 00 00 00 00 00 00 00 00 00 00 01 00 00 00 00
00 00 00 00 00 00 00 00 00 00 00 00 00 00 00 00
00 00 00 00 00 00 00 00 00 02 00 00 00 00 00 00
00 00 00 00 00 00 00 00 00 00 00 00 00 00 00 00
00 00 00 00 00 00 00 00 00 00 00 00 00 00 00 03
00 00 00 00 00 00 00 00 00 00 00 00 00 00 00 00
00 00 00 00 00 00 00 00 00 00 00 00 00 00 00 00
00 01 00 00 00 00 00 00 00 00 00 00 00 00 00 00
00 00 00 00 00 00 00 00 00 00 00 00 00 00 00 00
00 00 00 00 00 00 00 06 02 04 04 00 05 00 00 00
00 00 00 00 00 00 00 05 1c 6c 6b 68 6e 47 2a 00
00 00 00 00 00 03 05 14 2f 42 40 48 41 3a 17 00
00 00 00 00 00 24 3c 48 2e 00 00 00 00 23 39 23
00 00 00 00 00 11 24 24 0c 00 00 00 00 1e 34 18
00 00 00 00 00 00 00 00 00 00 00 00 00 00 19 40
00 00 00 00 00 00 00 00 00 00 00 06 03 18 2b 1e
00 00 00 00 00 00 00 00 00 00 00 03 20 3f 2c 00
00 00 00 00 00 00 00 00 00 0c 06 19 33 1c 0d 00
00 00 00 00 00 00 00 00 00 06 1d 43 24 00 00 00
00 00 00 00 00 00 00 0a 09 0a 2a 1d 06 00 00 00
00 00 00 00 00 00 00 03 1d 2a 0b 00 00 00 00 00
00 00 00 00 00 05 02 26 41 3d 2c 0f 0d 10 0f 00
00 00 00 00 00 22 3d 70 6d 6b 63 66 64 6b 6b 3f
00 00 00 00 00 17 26 3d 31 30 39 38 38 38 3c 20
00 00 00 00 00 00 00 00 00 00 00 00 00 00 00 00
00 00 00 00 00 00 00 0a 29 26 26 22 27 11 00 00
00 00 00 00 00 00 00 19 41 5b 5c 5a 5d 36 09 00
00 00 00 00 00 06 2b 29 24 22 23 21 20 27 27 13
00 00 00 00 00 1c 50 3a 04 00 00 00 00 1a 55 2b
00 00 00 00 00 03 1d 0e 00 00 00 00 00 15 50 27
00 00 00 00 00 00 00 00 00 00 00 00 00 16 3d 30
00 00 00 00 00 00 00 00 00 00 00 0a 29 29 1e 08
00 00 00 00 00 00 00 00 00 00 00 17 42 31 03 00
00 00 00 00 00 00 00 00 00 0d 2f 26 23 0c 00 00
00 00 00 00 00 00 00 00 00 17 3e 32 00 00 00 00
00 00 00 00 00 00 00 0d 2b 21 1d 0b 00 00 00 00
00 00 00 00 00 00 00 18 47 33 00 00 00 00 00 00
00 00 00 00 00 0a 2c 3d 59 46 30 2b 2c 2f 2d 10
00 00 00 00 00 1e 55 5a 51 54 53 55 52 58 5a 30
00 00 00 00 00 09 20 1b 14 14 21 20 18 19 1d 0b
00 00 00 00 00 00 00 00 00 00 00 00 00 00 00 00
00 00 00 00 00 00 00 00 00 00 00 00 00 00 00 00
00 00 00 00 00 00 00 00 00 00 00 00 00 00 00 00
00 00 00 00 00 00 00 00 00 00 00 00 00 00 00 00
00 00 00 00 01 00 00 00 00 00 00 00 00 00 00 00
00 00 00 00 00 00 00 00 00 00 00 00 00 00 00 00
00 00 00 00 00 00 00 00 00 00 00 00 00 00 00 00
00 00 00 00 00 00 00 00 00 00 00 00 00 00 00 00
00 00 00 00 00 00 00 00 00 00 00 00 00 00 00 00
00 00 00 00 00 00 00 00 00 00 00 00 00 00 00 00
00 00 00 00 00 00 00 00 00 00 00 00 00 00 00 00
00 00 00 00 00 00 00 00 00 00 00 00 00 00 00 00
00 00 00 00 00 00 00 00 00 00 00 00 00 00 00 00
00 00 00 00 00 00 00 00 00 00 00 00 00 00 00 00
00 00 00 00 00 00 00 00 00 00 00 00 00 00 00 00
00 00 00 00 00 00 00 00 00 00 00 00 00 00 00 00
00 00 00 00 00 00 00 00 00 00 00 00 00 00 00 00
IMG 2
03 03 04 00 00 00 00 00 00 00 05 00 02 05 06 06
03 06 03 00 00 00 00 00 00 00 00 09 03 09 05 06
05 00 00 00 00 00 00 00 00 00 00 00 06 07 05 05
06 00 00 00 07 1b 1e 21 18 00 00 00 03 06 06 05
04 00 00 00 0e 02 05 06 05 00 00 00 17 05 04 05
04 00 00 00 18 07 09 05 05 00 00 00 14 04 03 05
05 00 00 00 00 00 00 00 00 00 00 01 16 02 04 05
03 0b 03 00 00 00 00 00 00 00 05 16 17 08 04 09
03 00 00 00 00 00 00 00 00 00 00 00 07 06 06 06
07 00 00 00 04 20 1b 1b 1e 00 00 00 02 05 05 05
06 00 00 00 14 07 05 09 05 00 00 00 12 02 03 04
06 00 00 00 1a 07 05 05 05 00 00 00 12 02 07 05
03 00 00 00 03 00 00 00 00 00 00 00 17 03 09 05
00 0d 08 00 00 00 00 00 00 00 08 0d 18 04 04 05
04 07 05 00 00 00 00 00 00 00 11 04 04 05 07 05
07 05 08 0e 0c 1a 20 1d 20 0e 1c 03 03 04 04 05
01 01 00 0c 01 00 00 00 00 00 00 01 00 00 01 01
04 05 01 0b 00 00 00 00 00 00 00 00 02 05 01 00
00 0f 00 00 00 09 09 0d 0e 2d 0f 00 00 03 01 01
00 0f 00 00 00 03 0c 0e 13 31 11 00 00 01 00 00
02 00 00 01 00 00 00 00 00 00 00 00 00 01 01 00
01 00 00 00 00 07 04 00 00 00 00 00 00 03 00 00
00 00 00 1f 12 00 00 00 00 00 00 1e 15 01 00 01
02 00 00 31 12 00 00 00 00 00 00 25 13 00 03 05
02 0d 00 00 00 0b 0a 0c 0c 2a 15 00 00 01 01 01
00 0d 07 00 00 11 09 0e 12 32 14 00 00 00 00 00
01 00 00 00 00 00 04 02 01 00 00 00 00 00 00 00
01 00 00 00 00 02 01 01 00 00 00 00 00 03 01 01
01 00 00 2a 14 00 00 00 00 00 00 1d 12 01 03 00
02 00 00 32 1c 00 00 00 00 00 00 1f 18 00 00 01
00 03 04 00 00 0a 06 06 0f 20 0f 01 00 00 01 00
00 02 01 00 00 0d 10 12 0e 22 1b 02 01 00 01 01
00 00 00 00 00 00 00 00 00 00 00 00 00 00 00 00
00 00 00 00 00 00 00 00 00 00 00 00 00 00 00 00
00 00 00 00 00 00 00 00 00 00 00 00 00 00 00 00
00 00 00 00 00 00 00 00 00 00 00 00 00 00 00 00
00 00 00 00 00 00 00 00 00 00 00 00 00 00 00 00
00 00 00 00 00 00 00 00 00 00 00 00 00 00 00 00
00 00 00 00 00 00 00 00 00 00 00 00 00 00 00 00
00 00 00 00 00 00 00 00 00 00 00 00 00 00 00 00
00 00 00 00 00 00 00 00 00 00 00 00 00 00 00 00
00 00 00 00 00 00 00 00 00 00 00 00 00 00 00 00
00 00 00 00 00 00 00 00 00 00 00 00 00 00 00 00
00 00 00 00 00 00 00 00 00 00 00 00 00 00 00 00
00 00 00 00 00 00 00 00 00 00 00 00 00 00 00 00
00 00 00 00 00 00 00 00 00 00 00 00 00 00 00 00
00 00 00 00 00 00 00 00 00 00 00 00 00 00 00 00
00 00 00 00 00 00 00 00 00 00 00 00 00 00 00 00
00 00 00 00 06 17 1a 1c 1a 13 09 00 00 00 00 00
00 00 00 00 17 2c 31 36 32 2a 0f 00 00 00 00 00
00 00 09 0d 14 17 1a 1a 1c 2b 20 16 07 00 00 00
00 00 18 23 11 06 07 02 05 16 29 2a 0b 00 00 00
00 00 15 3f 1d 00 00 00 00 00 18 40 1a 00 00 00
00 00 13 3f 1d 00 00 00 00 00 1a 42 17 00 00 00
00 00 08 29 1d 1b 1c 1b 1a 08 17 21 08 00 00 00
00 00 00 18 27 32 30 32 31 1d 10 0f 02 00 00 00
00 00 0a 0b 17 17 1a 1f 1b 29 19 13 07 00 00 00
00 00 19 1c 12 05 01 03 05 13 21 28 0d 00 00 00
00 00 15 43 1d 00 00 00 00 00 11 3c 1d 00 00 00
00 00 13 47 22 00 00 00 00 00 11 3e 1a 00 00 00
00 00 06 2e 1d 16 15 18 19 09 0e 21 09 00 00 00
00 00 00 17 28 2d 31 30 31 1f 0c 0d 05 00 00 00
00 00 00 00 05 1a 19 1a 19 26 0b 00 00 00 00 00
00 00 00 00 00 02 05 05 01 0e 06 00 00 00 00 00
00 00 00 00 00 00 00 00 00 05 00 00 00 00 00 00
00 00 00 00 00 00 00 00 00 00 00 00 00 00 00 00
00 00 00 00 00 00 00 00 00 00 00 02 00 00 00 00
00 00 00 00 00 00 00 00 00 00 00 00 00 00 00 00
00 00 00 00 00 00 00 00 00 00 00 00 00 00 00 00
00 00 00 00 00 00 00 00 00 00 00 00 00 00 00 00
00 00 00 00 00 00 00 00 00 02 00 00 00 00 00 00
00 00 00 00 00 00 00 00 00 00 00 00 01 00 00 00
00 00 00 02 00 00 00 00 00 00 00 03 00 00 00 00
00 00 00 00 00 00 00 00 00 00 00 00 00 00 00 00
00 00 00 00 00 00 00 00 00 00 00 00 00 00 00 00
00 00 00 00 00 00 00 00 00 00 00 00 00 00 00 00
00 00 00 00 00 00 00 00 00 02 00 00 00 00 00 00
00 00 00 00 00 00 00 00 00 00 00 00 01 00 00 00
00 00 00 00 00 00 00 00 00 00 00 00 00 00 00 00
00 00 00 00 00 00 00 00 00 00 00 00 00 00 00 00
00 00 00 00 00 00 00 00 00 00 00 00 00 00 00 00
00 00 00 02 00 08 07 06 07 00 00 00 00 00 00 00
00 00 00 00 1a 5a 5f 63 5b 3c 18 00 00 00 00 00
00 04 03 0e 23 2d 30 37 33 2f 11 00 00 00 00 00
00 1d 2d 23 0e 00 00 00 00 22 32 1e 03 00 00 00
00 19 2f 1a 0f 00 00 00 00 1b 28 11 07 00 00 00
00 13 26 31 1b 00 00 00 00 00 16 38 1b 00 00 00
00 12 1f 2e 12 03 0a 08 05 11 25 17 00 00 00 00
00 00 00 09 1a 66 5d 5c 5d 35 1d 00 00 00 00 00
00 06 01 14 1e 33 32 39 32 2a 11 00 00 00 00 00
00 1a 2c 18 08 00 00 00 00 1a 2b 1c 06 00 00 00
00 19 31 18 0a 00 00 00 00 17 2a 15 0b 00 00 00
00 14 2d 37 23 00 00 00 00 00 16 2e 25 00 00 00
00 10 26 2f 10 04 00 02 00 0b 1b 15 04 00 00 00
00 00 00 19 2e 55 5c 5a 5e 31 1f 00 00 00 00 00
00 00 00 0c 22 37 36 35 35 1a 08 00 00 00 00 00
00 00 00 00 00 00 00 00 00 00 00 00 00 00 00 00
00 00 00 05 1b 23 27 23 22 0c 00 00 00 00 00 00
00 00 00 0f 33 4d 4f 51 4b 29 04 00 00 00 00 00
00 07 23 1e 17 18 16 18 1a 1f 24 0d 00 00 00 00
00 17 47 28 00 00 00 00 00 1b 48 1f 00 00 00 00
00 12 44 22 00 00 00 00 00 15 43 1b 00 00 00 00
00 13 3b 25 04 00 00 00 00 14 34 26 00 00 00 00
00 08 1e 1c 23 21 28 24 22 1e 19 03 00 00 00 00
00 00 01 16 37 4e 4f 4d 4b 24 03 00 00 00 00 00
00 08 1f 1e 18 15 1a 1c 17 18 1e 0d 00 00 00 00
00 13 46 24 00 00 00 00 00 12 41 23 00 00 00 00
00 11 49 28 00 00 00 00 00 0f 40 20 00 00 00 00
00 13 43 2b 04 00 00 00 00 08 2f 27 00 00 00 00
00 07 1e 1f 1a 1f 1c 21 1e 1a 13 07 00 00 00 00
00 00 00 14 40 49 4f 4b 4c 27 00 00 00 00 00 00
00 00 00 02 18 1c 1a 17 17 0b 00 00 00 00 00 00
00 00 00 00 00 00 00 00 00 00 00 00 00 00 00 00
00 00 00 00 00 00 00 00 00 00 00 00 00 00 00 00
00 00 00 00 00 00 00 00 00 00 00 00 00 00 00 00
00 00 00 00 00 00 00 00 00 00 00 00 00 00 00 00
00 00 00 00 00 00 00 00 00 00 00 00 00 00 00 00
00 00 00 00 00 00 00 00 00 00 00 00 00 00 00 00
00 00 00 00 00 00 00 00 00 00 00 00 00 00 00 00
00 00 00 00 00 00 00 00 00 00 00 00 00 00 00 00
00 00 00 00 00 00 00 00 00 00 00 00 00 00 00 00
00 00 00 00 00 00 00 00 00 00 00 00 00 00 00 00
00 00 00 00 00 00 00 00 00 00 00 00 00 00 00 00
00 00 00 00 00 00 00 00 00 00 00 00 00 00 00 00
00 00 00 00 00 00 00 00 00 00 00 00 00 00 00 00
00 00 00 00 00 00 00 00 00 00 00 00 00 00 00 00
00 00 00 00 00 00 00 00 00 00 00 00 00 00 00 00
00 00 00 00 00 00 00 00 00 00 00 00 00 00 00 00
IMG 3
03 04 06 06 06 06 05 01 03 04 00 03 05 00 00 03
02 02 06 06 06 06 05 00 00 00 00 00 00 00 06 09
03 01 06 06 06 06 06 00 00 00 00 00 00 00 02 06
07 00 07 04 02 00 00 00 00 00 00 00 00 00 00 00
03 03 02 05 00 00 00 00 08 1e 21 1e 21 00 00 00
04 05 05 08 02 00 00 00 15 03 04 05 05 00 00 00
02 03 06 07 05 00 00 00 14 06 02 05 06 00 00 00
01 05 05 06 06 00 00 00 00 00 00 00 00 00 00 00
00 04 04 05 03 0f 0c 00 00 00 00 00 00 00 03 11
02 08 08 07 07 00 00 00 00 00 00 00 00 00 00 00
03 0a 03 04 05 00 00 00 05 21 16 19 13 00 00 00
04 05 00 03 06 00 00 00 16 05 05 07 07 00 00 00
04 05 04 03 08 00 00 00 1c 05 05 07 06 00 00 00
04 08 03 03 06 00 00 00 00 00 00 00 00 00 00 01
04 03 05 04 06 0f 08 00 00 00 00 00 00 00 06 11
05 06 03 04 05 07 04 03 00 00 00 00 00 00 14 05
02 00 00 01 00 01 01 01 00 00 00 00 00 01 00 00
02 00 00 01 01 01 01 0a 07 00 00 00 00 00 00 08
00 04 00 00 01 00 00 10 02 00 00 00 00 00 00 00
00 03 01 00 03 0a 00 00 00 0d 0e 0f 10 2c 13 00
01 00 00 03 03 0c 00 00 00 0f 0c 14 13 2d 1a 00
00 00 01 00 00 00 00 00 00 00 01 01 00 00 00 00
00 00 01 00 00 00 00 00 00 00 04 00 00 00 00 00
00 00 00 00 00 00 00 30 1a 00 00 00 00 00 00 21
00 00 02 01 01 00 00 34 17 00 00 00 00 00 00 25
00 03 03 02 00 10 03 00 00 0a 11 0b 08 2c 10 00
04 07 02 00 00 0f 05 00 00 15 12 06 09 35 1a 00
00 00 01 00 00 00 00 00 00 00 00 00 05 00 00 00
01 00 00 03 01 00 00 00 02 00 00 01 03 00 00 00
01 01 00 01 02 00 00 2f 13 00 00 00 00 00 00 21
01 02 00 00 02 00 00 2f 1e 00 00 00 00 00 00 1f
02 02 01 01 00 00 03 00 00 13 09 08 12 26 16 01
00 00 00 00 00 00 00 00 00 00 00 00 00 00 00 00
00 00 00 00 00 00 00 00 00 00 00 00 00 00 00 00
00 00 00 00 00 00 00 00 00 00 00 00 00 00 00 00
00 00 00 00 00 00 00 00 00 00 00 00 00 00 00 00
00 00 00 00 00 00 00 00 00 00 00 00 00 00 00 00
00 00 00 00 00 00 00 00 00 00 00 00 00 00 00 00
00 00 00 00 00 00 00 00 00 00 00 00 00 00 00 00
00 00 00 00 00 00 00 00 00 00 00 00 00 00 00 00
00 00 00 00 00 00 00 00 00 00 00 00 00 00 00 00
00 00 00 00 00 00 00 00 00 00 00 00 00 00 00 00
00 00 00 00 00 00 00 00 00 00 00 00 00 00 00 02
00 00 00 00 00 00 00 00 00 00 00 00 00 00 00 00
00 00 00 00 00 00 00 00 00 00 00 00 00 00 00 00
00 00 00 00 00 00 00 00 00 00 00 00 00 00 00 00
00 00 00 00 00 00 00 00 00 00 00 00 00 00 00 00
00 00 00 00 00 00 00 00 00 00 00 00 00 00 00 00
00 00 00 00 00 00 00 00 00 00 00 00 00 00 00 00
00 00 00 00 00 00 00 00 0a 1f 1d 1e 1f 10 08 00
00 00 00 00 00 00 00 00 17 36 37 38 33 28 0f 00
00 00 00 00 00 00 0b 08 11 1d 1d 1f 1b 2a 1f 15
00 00 00 00 00 02 1c 1e 0a 03 04 0a 04 12 29 30
00 00 00 00 00 00 20 48 1f 00 00 00 00 00 18 4a
00 00 00 00 00 00 1b 45 21 00 00 00 00 00 15 49
00 00 00 00 00 00 05 2c 20 1d 1c 1e 1c 09 17 29
00 00 00 00 00 00 00 14 29 34 2d 30 31 20 0c 11
00 00 00 00 00 00 0a 09 1a 1a 1b 17 20 31 1c 19
00 00 00 00 00 00 19 21 15 06 06 02 05 17 29 31
00 00 00 00 00 00 17 4b 1f 00 00 00 00 00 16 4b
00 00 00 00 00 00 14 46 22 00 00 00 00 00 14 46
00 00 00 00 00 00 07 2f 1f 20 1e 1d 20 0d 17 25
00 00 00 00 00 00 00 14 29 34 39 38 39 28 12 10
00 00 00 00 00 00 00 00 01 21 1b 1a 21 2b 0d 00
00 00 00 00 00 00 00 00 00 00 00 00 00 00 00 00
00 00 00 00 00 00 00 00 00 00 00 00 00 02 00 00
00 00 00 00 00 00 00 00 00 00 00 00 00 00 00 00
00 00 00 00 00 00 00 03 00 00 00 00 00 00 00 03
00 00 00 00 00 00 00 00 00 00 00 00 00 00 00 00
00 00 00 00 00 00 00 00 00 00 00 00 00 00 00 00
00 00 00 00 00 00 00 00 00 00 00 00 00 00 00 00
00 00 00 00 00 00 00 00 00 00 00 00 00 02 00 00
00 00 00 00 00 00 00 00 00 00 00 00 00 00 00 00
00 00 00 00 00 00 00 04 00 00 00 00 00 00 00 03
00 00 00 00 00 00 00 00 00 00 00 00 00 00 00 00
00 00 00 00 00 00 00 00 00 00 00 00 00 00 00 00
00 00 00 00 00 00 00 00 00 00 00 00 00 00 00 00
00 00 00 00 00 00 00 00 00 00 00 00 00 01 00 00
00 00 00 00 00 00 00 00 00 00 00 00 00 00 00 00
00 00 00 00 00 00 00 00 00 00 00 00 00 00 00 00
00 00 00 00 00 00 00 00 00 00 00 00 00 00 00 00
00 00 00 00 00 00 00 00 00 00 00 00 00 00 00 00
00 00 00 00 00 00 00 02 04 03 0d 00 05 00 00 00
00 00 00 00 00 00 00 00 20 65 6e 63 66 34 1d 00
00 00 00 00 00 04 00 0e 27 38 3b 33 34 2a 16 00
00 00 00 00 00 26 33 18 02 00 00 00 00 1d 34 19
00 00 00 00 00 23 36 23 08 00 00 00 00 20 36 20
00 00 00 00 00 1c 35 3d 27 00 00 00 00 00 1c 3a
00 00 00 00 00 07 22 2a 13 01 0c 10 0c 0f 28 19
00 00 00 00 00 00 00 00 17 67 5c 62 54 38 20 00
00 00 00 00 00 02 01 12 23 35 2b 31 32 33 15 00
00 00 00 00 00 1d 34 1a 13 00 00 00 00 24 39 20
00 00 00 00 00 1c 35 26 0a 00 00 00 00 1c 33 21
00 00 00 00 00 1d 2f 36 20 00 00 00 00 00 18 35
00 00 00 00 00 0b 21 30 15 0f 07 06 0a 0f 23 13
00 00 00 00 00 00 00 1d 3c 60 6f 6d 6d 42 25 00
00 00 00 00 00 00 00 00 00 00 00 00 00 00 00 00
00 00 00 00 00 00 00 00 00 00 00 00 00 00 00 00
00 00 00 00 00 00 00 04 26 28 2a 24 20 0e 00 00
00 00 00 00 00 00 00 0f 3c 58 57 54 4b 28 04 00
00 00 00 00 00 0c 22 1c 1b 1a 1d 17 15 1f 23 0f
00 00 00 00 00 20 49 21 00 00 00 00 00 17 4e 28
00 00 00 00 00 1e 4d 2c 00 00 00 00 00 18 4f 2a
00 00 00 00 00 17 44 2d 08 00 00 00 00 11 39 2b
00 00 00 00 00 00 17 1d 22 23 29 28 27 1d 1d 09
00 00 00 00 00 00 00 15 3a 51 48 4b 4d 25 05 00
00 00 00 00 00 06 22 25 1b 15 15 19 1f 20 26 13
00 00 00 00 00 16 50 29 00 00 00 00 00 18 52 2c
00 00 00 00 00 17 4e 2c 00 00 00 00 00 16 4c 29
00 00 00 00 00 17 44 25 07 00 00 00 00 0f 35 27
00 00 00 00 00 02 1b 22 24 2d 26 2a 2b 21 18 04
00 00 00 00 00 00 00 15 4a 54 56 5c 5a 30 01 00
00 00 00 00 00 00 00 00 00 00 00 00 00 00 00 00
00 00 00 00 00 00 00 00 00 00 00 00 00 00 00 00
00 00 00 00 00 00 00 00 00 00 00 00 00 00 00 00
00 00 00 00 00 00 00 00 00 00 00 00 00 00 00 00
00 00 00 00 00 00 00 00 00 00 00 00 00 00 00 00
00 00 00 00 00 00 00 00 00 00 00 00 00 00 00 00
00 00 00 00 00 00 00 00 00 00 00 00 00 00 00 00
00 00 00 00 00 00 00 00 00 00 00 00 00 00 00 00
00 00 00 00 00 00 00 00 00 00 00 00 00 00 00 00
00 00 00 00 00 00 00 00 00 00 00 00 00 00 00 00
00 00 00 00 00 00 00 00 00 00 00 00 00 00 00 00
00 00 00 00 00 00 00 00 00 00 00 00 00 00 00 00
00 00 00 00 00 00 00 00 00 00 00 00 00 00 00 00
00 00 00 00 00 00 00 00 00 00 00 00 00 00 00 00
00 00 00 00 00 00 00 00 00 00 00 00 00 00 00 00
00 00 00 00 00 00 00 00 00 00 00 00 00 00 00 00
IMG 4
00 00 00 00 00 00 00 00 00 00 00 01 02 04 05 06
00 00 00 00 00 00 00 00 00 00 00 03 03 09 06 06
00 00 00 00 00 00 00 00 00 00 00 10 05 04 03 04
0e 0b 1f 14 20 17 1e 1a 00 00 00 13 05 04 00 01
03 03 03 00 00 04 00 00 00 00 00 17 09 01 01 00
06 02 05 05 02 0a 00 00 00 05 0c 19 03 04 08 04
04 07 01 00 00 00 00 00 00 16 05 07 09 05 06 05
03 01 05 03 00 00 00 02 12 17 03 03 04 04 06 05
01 00 00 00 00 00 00 16 00 02 00 03 01 01 02 05
07 04 00 00 00 09 0f 1a 09 00 06 03 06 05 06 06
04 06 00 00 00 10 01 04 05 05 04 07 02 07 04 07
03 07 00 00 00 14 00 04 00 00 02 05 01 04 02 05
01 03 00 00 00 15 03 03 04 01 03 07 05 02 06 04
05 02 00 00 00 15 06 05 01 04 00 05 04 05 04 06
03 05 00 00 00 15 07 03 04 08 09 07 07 03 07 05
04 03 0d 08 14 16 07 00 03 04 07 06 03 02 05 05
0e 02 00 00 00 00 00 00 00 00 00 00 00 00 01 01
0d 00 00 00 00 00 00 00 00 00 00 00 00 02 01 01
00 00 08 0e 0c 10 0c 09 18 0e 00 00 01 00 00 00
00 00 07 17 0d 06 0d 07 1d 11 00 00 05 04 03 00
01 03 00 00 03 01 0b 02 00 00 1d 18 02 01 00 02
00 01 03 00 00 03 13 00 00 00 22 18 00 00 00 05
00 00 03 05 08 00 00 00 1f 12 00 03 01 01 04 01
02 01 00 00 11 06 00 00 26 15 00 00 00 00 00 00
02 04 0d 00 00 00 1e 14 03 03 00 00 00 01 00 00
00 00 13 03 00 00 1a 17 01 02 03 01 00 00 03 03
01 00 00 00 00 00 01 00 00 00 01 02 01 00 01 02
04 01 00 00 00 00 00 03 00 00 00 00 04 03 00 00
00 00 00 00 00 00 00 06 00 00 02 00 00 03 02 00
00 03 00 00 00 00 00 01 03 00 01 03 00 00 02 03
04 05 00 00 1a 19 05 00 00 00 01 05 05 01 00 00
01 00 00 00 1e 17 05 01 00 01 02 01 00 01 01 01
00 00 00 00 00 00 00 00 00 00 00 00 00 00 00 00
00 00 00 00 00 00 00 00 00 00 00 00 00 00 00 00
00 00 00 00 00 00 00 00 00 00 00 00 00 00 00 00
00 00 00 00 00 00 00 00 00 00 00 00 00 00 00 00
00 00 00 00 00 00 00 00 00 00 00 00 00 00 00 00
00 00 00 00 00 00 00 00 00 00 00 00 00 00 00 00
00 00 00 00 00 00 00 00 00 00 00 00 00 00 00 00
00 00 00 00 00 00 00 00 00 00 00 00 00 00 00 00
00 00 00 00 00 00 00 00 00 00 00 00 00 00 00 00
00 00 00 00 00 00 00 00 00 00 00 00 00 00 00 00
00 00 00 00 00 00 00 00 00 00 00 00 00 00 00 00
00 00 00 00 00 00 00 00 00 00 00 00 00 00 00 00
00 00 00 00 00 00 00 00 00 00 00 00 00 00 00 00
00 00 00 00 00 00 00 00 00 00 00 00 00 00 00 00
00 00 00 00 00 00 00 00 00 00 00 00 00 00 00 00
00 00 00 00 00 00 00 00 00 00 00 00 00 00 00 00
00 06 1a 1d 1e 1c 19 16 1b 1b 18 0b 00 00 00 00
00 18 31 35 34 2e 2c 2a 2e 31 2d 14 00 00 00 00
00 04 16 1e 1b 1e 15 16 20 28 43 28 00 00 00 00
00 00 01 0a 0a 0a 03 00 09 22 42 23 00 00 00 00
00 00 00 00 00 00 00 08 0a 12 25 13 00 00 00 00
00 00 00 00 00 00 00 19 23 0b 0f 07 00 00 00 00
00 00 00 00 00 0a 07 19 27 0b 00 00 00 00 00 00
00 00 00 00 01 19 1b 11 16 06 00 00 00 00 00 00
00 00 00 09 0e 13 23 0c 00 00 00 00 00 00 00 00
00 00 00 19 1f 0c 0c 09 00 00 00 00 00 00 00 00
00 00 00 15 41 1d 00 00 00 00 00 00 00 00 00 00
00 00 00 13 43 1d 00 00 00 00 00 00 00 00 00 00
00 00 00 13 43 21 00 00 00 00 00 00 00 00 00 00
00 00 00 13 42 20 00 00 00 00 00 00 00 00 00 00
00 00 00 06 21 0e 00 00 00 00 00 00 00 00 00 00
00 00 00 00 0a 03 00 00 00 00 00 00 00 00 00 00
00 00 00 00 00 00 00 00 00 00 00 00 00 00 00 00
00 00 00 00 00 00 00 00 00 00 00 00 00 00 00 00
00 00 00 00 00 00 00 00 00 00 00 00 00 00 00 00
00 00 00 00 00 00 00 00 00 00 00 00 00 00 00 00
00 00 00 00 00 00 00 00 03 00 00 00 00 00 00 00
00 00 00 00 00 00 00 00 00 00 00 00 00 00 00 00
00 00 00 00 00 00 04 00 00 00 00 00 00 00 00 00
00 00 00 00 00 00 00 00 00 01 00 00 00 00 00 00
00 00 00 00 00 00 00 00 00 00 00 00 00 00 00 00
00 00 00 00 00 00 00 00 00 00 00 00 00 00 00 00
00 00 00 00 00 00 00 00 00 00 00 00 00 00 00 00
00 00 00 00 00 00 00 00 00 00 00 00 00 00 00 00
01 00 00 00 00 00 00 00 00 00 00 00 00 00 00 00
00 00 00 00 00 00 00 00 00 00 00 00 00 00 00 00
00 00 00 00 00 00 00 00 00 00 00 00 00 00 00 00
00 00 00 00 00 00 00 00 00 00 00 00 00 00 00 00
00 00 00 00 00 00 00 00 00 00 00 00 00 00 00 00
00 00 06 06 06 09 07 07 0c 0a 00 00 00 00 00 00
16 31 65 63 6b 52 5e 55 5a 5f 21 07 00 00 00 00
0d 23 35 33 31 25 2b 2e 41 42 1f 13 00 00 00 00
00 00 00 00 00 00 00 00 00 1b 3c 26 00 00 00 00
00 00 00 00 00 00 07 00 06 27 19 05 00 00 00 00
00 00 00 00 00 00 03 16 3a 21 00 00 00 00 00 00
00 00 00 00 08 05 11 29 17 07 00 00 00 00 00 00
00 00 00 00 00 1d 32 24 00 00 00 00 00 00 00 00
00 00 09 07 0f 24 1a 03 00 00 00 00 00 00 00 00
00 00 1d 31 1a 08 00 00 00 00 00 00 00 00 00 00
00 00 14 2c 14 0d 00 00 00 00 00 00 00 00 00 00
00 00 1c 2d 1d 0d 00 00 00 00 00 00 00 00 00 00
00 00 1c 2f 1f 12 00 00 00 00 00 00 00 00 00 00
00 00 14 2c 39 20 00 00 00 00 00 00 00 00 00 00
00 00 0f 21 1b 04 00 00 00 00 00 00 00 00 00 00
00 00 00 00 00 00 00 00 00 00 00 00 00 00 00 00
04 1f 26 2a 24 25 1f 24 28 25 16 00 00 00 00 00
17 41 55 53 50 44 44 4b 48 52 2b 00 00 00 00 00
04 18 19 1a 15 12 10 17 2a 46 2f 00 00 00 00 00
00 00 00 00 00 00 00 00 0e 35 31 00 00 00 00 00
00 00 00 00 00 00 05 22 1a 1a 0c 00 00 00 00 00
00 00 00 00 00 00 15 38 2b 00 00 00 00 00 00 00
00 00 00 00 0b 1e 21 20 05 00 00 00 00 00 00 00
00 00 00 00 0f 32 2b 01 00 00 00 00 00 00 00 00
00 00 0c 22 1e 15 0b 00 00 00 00 00 00 00 00 00
00 00 16 45 22 00 00 00 00 00 00 00 00 00 00 00
00 00 0f 44 23 00 00 00 00 00 00 00 00 00 00 00
00 00 15 46 2a 00 00 00 00 00 00 00 00 00 00 00
00 00 13 48 29 00 00 00 00 00 00 00 00 00 00 00
00 00 15 3c 2b 01 00 00 00 00 00 00 00 00 00 00
00 00 07 18 06 00 00 00 00 00 00 00 00 00 00 00
00 00 00 00 00 00 00 00 00 00 00 00 00 00 00 00
00 00 00 00 00 00 00 00 00 00 00 00 00 00 00 00
00 00 00 00 00 00 00 00 00 00 00 00 00 00 00 00
00 00 00 00 00 00 00 00 00 00 00 00 00 00 00 00
00 00 00 00 00 00 00 00 00 00 00 00 00 00 00 00
00 00 00 00 00 00 00 00 00 00 00 00 00 00 00 00
00 00 00 00 00 00 00 00 00 00 00 00 00 00 00 00
00 00 00 00 00 00 00 00 00 00 00 00 00 00 00 00
00 00 00 00 00 00 00 00 00 00 00 00 00 00 00 00
00 00 00 00 00 00 00 00 00 00 00 00 00 00 00 00
00 00 00 00 00 00 00 00 00 00 00 00 00 00 00 00
00 00 00 00 00 00 00 00 00 00 00 00 00 00 00 00
00 00 00 00 00 00 00 00 00 00 00 00 00 00 00 00
00 00 00 00 00 00 00 00 00 00 00 00 00 00 00 00
00 00 00 00 00 00 00 00 00 00 00 00 00 00 00 00
00 00 00 00 00 00 00 00 00 00 00 00 00 00 00 00
IMG 5
05 05 01 03 03 04 03 04 06 05 04 02 02 03 05 06
04 05 05 03 00 00 00 00 00 00 00 00 00 00 00 07
06 06 07 06 00 00 00 00 00 00 00 00 00 00 00 04
05 05 06 05 00 00 00 00 00 00 00 00 00 00 00 1b
05 04 05 05 00 00 05 1e 25 20 23 23 1e 23 14 1f
02 03 03 03 00 00 00 02 00 00 00 00 00 03 03 05
04 02 07 02 00 00 00 00 00 00 00 00 00 02 04 06
05 05 05 08 00 00 00 00 00 00 00 00 00 00 00 06
04 08 01 03 13 0b 22 22 1f 23 1b 1f 00 00 00 03
04 04 05 03 08 05 04 04 02 04 01 02 00 00 00 1a
01 03 06 03 08 05 04 07 07 06 03 00 00 00 00 15
03 06 05 02 00 00 00 05 03 05 06 00 00 00 00 1c
01 06 03 00 00 00 00 00 00 03 00 03 00 00 00 1b
04 03 05 04 00 00 00 00 00 00 00 00 00 00 00 17
05 02 04 07 14 0a 00 00 00 00 00 00 00 00 0f 18
04 06 03 07 06 07 00 00 00 00 00 00 00 14 01 01
01 01 00 00 00 00 02 00 00 02 01 00 00 00 00 00
01 02 00 02 14 00 00 00 00 00 00 00 00 00 00 00
00 00 00 03 14 00 00 00 00 00 00 00 00 00 00 00
00 00 01 01 00 00 00 00 0d 11 0e 0c 0f 0d 29 1c
02 00 00 00 00 00 00 00 12 0e 13 13 10 0f 27 1b
02 01 00 00 00 00 01 00 00 00 00 00 00 00 00 00
00 00 01 01 00 00 09 00 00 00 00 00 00 00 02 00
00 00 06 00 00 00 0f 14 0d 0b 0f 09 35 1c 00 00
02 04 02 00 00 00 0f 10 16 0e 0d 13 38 15 00 00
01 00 00 02 03 00 01 00 01 01 01 00 00 00 00 00
00 00 00 01 03 01 00 00 00 03 01 07 00 00 00 00
00 00 03 04 0c 00 00 00 00 00 00 02 00 00 00 00
03 03 00 01 10 00 00 00 00 00 02 00 00 00 00 00
00 03 00 00 00 00 3a 10 00 00 00 00 00 00 23 17
00 00 01 00 00 00 3c 1a 00 00 00 00 00 00 28 12
01 00 01 04 02 00 00 00 0d 0a 12 0e 24 1d 01 02
00 00 00 00 00 00 00 00 00 00 00 00 00 00 00 00
00 00 00 00 00 00 00 00 00 00 00 00 00 00 00 00
00 00 00 00 00 00 00 00 00 00 00 00 00 00 01 00
00 00 00 00 00 00 00 00 00 00 00 00 00 00 00 00
00 00 00 00 00 00 00 00 00 00 00 00 00 00 00 00
00 00 00 00 00 00 00 00 00 00 00 00 00 00 00 00
00 00 00 00 00 00 00 00 00 00 00 00 00 00 00 00
00 00 00 00 00 00 00 00 00 00 00 00 00 00 00 00
00 00 00 00 00 00 00 00 00 00 00 00 00 00 00 00
00 00 00 00 00 00 00 00 00 00 00 00 00 00 00 00
00 00 00 00 00 00 00 00 00 00 00 00 00 00 00 00
00 00 00 00 00 00 00 00 00 00 00 00 00 00 00 00
00 00 00 00 00 00 02 00 00 00 00 00 00 00 00 00
00 00 00 00 00 00 00 00 00 00 00 00 00 00 00 00
00 00 00 00 00 00 00 00 00 00 00 00 00 00 00 00
00 00 00 00 00 00 00 00 00 00 00 00 00 00 00 00
00 00 00 00 00 00 00 00 00 00 00 00 00 00 00 00
00 00 00 00 00 0d 24 24 25 24 25 24 26 26 1e 0d
00 00 00 00 00 22 3d 40 41 3d 3f 3f 40 40 3a 15
00 00 00 00 00 1d 44 39 21 23 24 21 22 22 30 0f
00 00 00 00 00 19 45 27 05 05 0b 06 08 0b 17 08
00 00 00 00 00 1c 5a 3f 22 20 24 23 20 10 00 00
00 00 00 00 00 1c 5a 52 3b 3e 3d 3d 38 16 00 00
00 00 00 00 00 07 20 24 21 1f 23 24 38 24 19 0e
00 00 00 00 00 00 04 06 0a 07 07 0d 1c 2b 34 12
00 00 00 00 00 00 00 00 00 00 00 00 00 1e 51 25
00 00 00 00 00 00 00 00 00 00 00 00 00 27 56 23
00 00 00 00 02 11 1c 0c 00 00 00 00 00 20 55 25
00 00 00 00 04 22 35 13 00 00 00 00 00 20 53 23
00 00 00 00 00 0e 36 23 23 24 24 26 11 22 2e 0e
00 00 00 00 00 00 1a 2f 3d 3f 3c 3e 2c 1b 1a 0c
00 00 00 00 00 00 00 0a 20 1f 22 20 2e 14 00 00
00 00 00 00 00 00 00 00 00 00 00 00 00 00 00 00
00 00 00 00 00 00 00 00 00 00 00 00 00 00 03 00
00 00 00 00 00 00 00 00 00 00 00 00 00 00 00 00
00 00 00 00 00 00 00 00 00 00 00 00 00 00 00 00
00 00 00 00 00 00 00 00 00 00 00 00 00 00 00 02
00 00 00 00 00 00 00 00 00 00 00 00 03 00 00 00
00 00 00 00 00 00 00 00 00 00 00 00 00 00 00 00
00 00 00 00 00 00 00 00 00 00 00 00 00 00 03 00
00 00 00 00 00 00 00 00 00 00 00 00 00 00 00 00
00 00 00 00 00 00 00 00 00 00 00 00 00 00 00 00
00 00 00 00 00 00 00 00 00 00 00 00 00 00 00 00
00 00 00 00 00 00 03 00 00 00 00 00 00 00 00 00
00 00 00 00 00 00 00 00 00 00 00 00 00 00 00 00
00 00 00 00 00 00 00 00 00 00 00 00 01 00 00 00
00 00 00 00 00 00 00 00 00 00 00 00 00 00 00 01
00 00 00 00 00 00 00 00 00 00 00 00 00 00 00 00
00 00 00 00 00 00 00 00 00 00 00 00 00 00 00 00
00 00 00 00 00 00 00 00 00 00 00 00 00 00 00 00
00 00 00 00 09 01 0e 0b 0d 0f 0d 10 11 10 00 00
00 00 00 00 27 3e 5e 58 7b 79 79 7a 76 7a 47 2b
00 00 00 00 22 3f 43 48 43 42 3e 45 40 3e 1d 04
00 00 00 00 20 36 22 0d 00 00 00 00 00 00 00 00
00 00 00 00 25 40 3c 1f 0c 06 10 0b 00 04 00 00
00 00 00 00 21 42 78 77 75 76 74 77 4a 2a 00 00
00 00 00 00 0e 28 3f 42 3e 40 41 40 36 1a 00 00
00 00 00 00 00 00 00 00 00 00 00 00 23 34 20 03
00 00 00 00 00 00 00 00 00 00 00 00 2f 31 22 0c
00 00 00 00 00 00 00 00 00 00 00 00 28 44 2a 11
00 00 00 00 09 09 00 00 00 00 00 00 2d 43 23 0e
00 00 00 00 2b 44 48 28 00 00 00 00 0a 19 41 24
00 00 00 00 13 2b 35 1a 0e 07 0f 10 16 2d 1f 00
00 00 00 00 00 00 25 3d 76 78 77 77 4c 32 00 00
00 00 00 00 00 00 00 00 00 00 00 00 00 00 00 00
00 00 00 00 00 00 00 00 00 00 00 00 00 00 00 00
00 00 00 00 0c 2c 30 33 2f 33 33 32 34 32 18 00
00 00 00 00 20 5d 61 54 63 65 63 62 63 63 35 00
00 00 00 00 19 59 45 22 1e 23 1f 1f 22 1d 0a 00
00 00 00 00 19 55 30 00 00 00 00 00 00 00 00 00
00 00 00 00 1f 5d 4d 2b 2e 2d 31 32 1a 00 00 00
00 00 00 00 1d 53 63 62 5e 61 62 63 34 09 00 00
00 00 00 00 02 1e 1f 20 1f 1e 24 22 20 2a 12 00
00 00 00 00 00 00 00 00 00 00 00 00 1b 53 2b 00
00 00 00 00 00 00 00 00 00 00 00 00 23 59 2c 00
00 00 00 00 00 00 00 00 00 00 00 00 23 61 32 00
00 00 00 00 12 2f 15 00 00 00 00 00 24 5b 2b 00
00 00 00 00 27 52 31 0a 00 00 00 00 1c 3f 2e 00
00 00 00 00 06 20 25 2b 30 2e 31 32 2b 24 0a 00
00 00 00 00 00 00 20 53 60 63 60 61 3d 09 00 00
00 00 00 00 00 00 00 00 00 00 00 00 00 00 00 00
00 00 00 00 00 00 00 00 00 00 00 00 00 00 00 00
00 00 00 00 00 00 00 00 00 00 00 00 00 00 00 00
00 00 00 00 00 00 00 00 00 00 00 00 00 00 00 00
00 00 00 00 00 00 00 00 00 00 00 00 00 00 00 00
00 00 00 00 00 00 00 00 00 00 00 00 00 00 00 00
00 00 00 00 00 00 00 00 00 00 00 00 00 00 00 00
00 00 00 00 00 00 00 00 00 00 00 00 00 00 00 00
00 00 00 00 00 00 00 00 00 00 00 00 00 00 00 00
00 00 00 00 00 00 00 00 00 00 00 00 00 00 00 00
00 00 00 00 00 00 00 00 00 00 00 00 00 00 00 00
00 00 00 00 00 00 00 00 00 00 00 00 00 00 00 00
00 00 00 00 00 00 00 00 00 00 00 00 00 00 00 00
00 00 00 00 00 00 00 00 00 00 00 00 00 00 00 00
00 00 00 00 00 00 00 00 00 00 00 00 00 00 00 00
00 00 00 00 00 00 00 00 00 00 00 00 00 00 00 00
IMG 6
05 05 05 04 05 02 02 01 00 00 02 02 03 05 06 06
05 05 03 00 00 00 00 00 00 00 00 04 00 03 05 06
04 02 01 02 00 00 00 00 00 00 00 04 04 01 04 05
04 06 00 00 00 00 00 00 00 00 00 00 00 00 00 03
05 09 00 00 00 00 19 15 1c 1d 00 00 00 07 06 0b
05 05 00 00 03 0b 00 01 04 05 00 00 00 18 06 05
03 04 10 0a 11 1c 05 08 08 04 00 00 00 18 03 04
04 00 03 06 04 04 05 06 00 00 00 00 07 12 05 04
04 07 02 07 04 02 06 04 00 00 00 05 0d 12 07 05
05 07 00 07 02 04 00 00 00 00 00 14 05 04 03 05
05 03 00 02 06 05 00 00 00 02 11 17 07 04 09 05
05 05 07 04 00 00 00 00 00 16 02 05 04 05 05 05
02 05 04 07 00 00 00 04 0e 15 03 00 01 03 05 05
00 03 00 00 00 00 00 04 00 00 00 00 01 05 06 05
06 01 00 00 00 00 00 00 00 00 00 00 00 04 01 05
03 05 00 00 00 00 00 00 00 00 00 00 00 14 00 02
01 01 01 02 00 01 00 00 00 00 00 00 00 00 00 01
01 03 00 00 09 00 00 00 00 00 00 00 01 00 00 01
00 00 00 00 0e 00 00 00 00 00 00 00 01 06 00 00
01 00 0f 00 00 00 09 08 06 08 2d 13 00 00 00 00
02 01 0e 03 00 00 0a 00 0a 0e 2b 16 00 00 03 0a
01 00 00 00 1e 12 01 00 01 00 00 00 00 03 04 00
00 00 00 00 24 11 00 0a 06 01 00 00 00 04 00 00
00 03 00 00 01 02 00 00 09 04 00 00 1c 11 00 02
03 02 02 04 01 00 00 01 0e 00 00 00 1c 10 00 00
00 00 05 00 00 00 0e 02 00 00 13 12 04 01 00 01
00 01 00 00 00 03 12 00 00 00 1f 15 00 03 04 01
00 00 00 05 15 00 00 00 1b 0e 05 03 00 00 00 01
04 00 00 01 0b 04 00 00 22 13 00 01 00 00 00 00
02 02 0b 00 00 00 04 00 00 00 00 00 00 00 02 00
00 00 12 00 00 00 06 00 00 00 00 00 00 00 03 00
00 00 00 00 08 06 0f 0d 07 07 0c 0a 1b 14 01 01
00 00 00 00 00 00 00 00 00 00 00 00 00 00 00 00
00 00 00 00 00 00 00 00 00 00 00 00 00 00 00 00
00 00 00 00 00 00 00 00 00 00 00 00 00 00 00 00
00 00 00 00 00 00 00 00 00 00 00 00 00 00 00 00
00 00 00 00 00 00 00 00 00 00 00 00 01 00 00 00
00 00 00 00 00 00 00 00 00 00 00 00 00 00 00 00
00 00 00 00 00 00 00 00 00 00 00 00 00 00 00 00
00 00 00 00 00 00 00 00 00 00 00 00 00 00 00 00
00 00 00 00 00 00 00 00 00 00 00 00 00 00 00 00
00 00 00 00 00 00 00 00 00 00 00 00 00 00 00 00
00 00 00 00 00 00 00 00 00 00 00 00 00 00 00 00
00 00 00 00 00 00 00 00 00 00 00 00 00 00 00 00
00 00 00 00 00 00 00 00 00 00 00 00 00 00 00 00
00 00 00 00 00 00 00 00 00 00 00 00 00 00 00 00
00 00 00 00 00 00 00 00 00 00 00 00 00 00 00 00
00 00 00 00 00 00 00 00 00 00 00 00 00 00 00 00
00 00 00 00 00 00 00 00 00 00 00 00 00 00 00 00
00 00 00 00 00 07 16 12 15 17 16 0a 00 00 00 00
00 00 00 00 00 11 27 27 29 2b 25 0d 00 00 00 00
00 00 00 08 0a 15 11 12 13 12 25 1a 17 0d 00 00
00 00 00 18 1c 10 03 06 07 00 0f 21 2a 0e 00 00
00 00 00 05 22 07 00 00 00 00 00 12 42 1a 00 00
00 00 00 00 0d 00 00 00 00 00 00 10 37 17 00 00
00 00 00 00 00 00 00 00 00 05 03 15 1f 05 00 00
00 00 00 00 00 00 00 00 00 10 1b 0d 08 01 00 00
00 00 00 00 00 00 00 05 09 13 1c 0b 00 00 00 00
00 00 00 00 00 00 00 13 1b 0c 0f 02 00 00 00 00
00 00 00 00 00 06 07 11 21 0b 00 00 00 00 00 00
00 00 00 00 00 15 1a 0c 0e 06 00 00 00 00 00 00
00 00 00 06 08 23 43 26 12 19 13 16 13 09 00 00
00 00 00 16 23 27 45 3a 29 2d 29 24 24 0a 00 00
00 00 00 06 15 13 19 17 17 13 12 12 1b 09 00 00
00 00 00 00 00 00 00 00 00 00 00 00 00 00 00 00
00 00 00 00 00 00 00 00 00 00 01 00 00 00 00 00
00 00 00 00 00 00 00 00 00 00 00 00 00 00 00 00
00 00 00 00 01 00 00 00 00 00 00 00 02 00 00 00
00 00 00 00 00 00 00 00 00 00 00 00 00 00 00 00
00 00 00 00 00 00 00 00 00 00 00 00 00 00 00 00
00 00 00 00 00 00 00 00 00 00 00 00 00 00 00 00
00 00 00 00 00 00 00 00 00 00 00 00 00 00 00 00
00 00 00 00 00 00 00 00 00 00 00 00 00 01 00 00
00 00 00 01 00 00 00 00 04 00 00 00 00 00 00 00
00 00 00 00 00 00 00 00 00 00 00 00 00 00 00 00
00 00 00 00 00 00 02 00 00 00 00 00 00 00 00 00
00 00 00 00 00 00 00 00 00 00 00 00 00 00 00 00
00 00 00 00 00 00 00 00 00 00 00 00 01 00 00 00
00 00 00 00 00 00 00 00 00 00 00 00 00 00 00 00
00 00 00 00 00 00 00 00 00 00 00 00 00 00 00 00
00 00 00 00 00 00 00 00 00 00 00 00 00 00 00 00
00 00 00 00 00 00 00 00 00 00 00 00 00 00 00 00
00 00 00 00 02 08 07 0b 05 06 00 00 00 00 00 00
00 00 00 00 00 0f 4d 45 4f 52 30 1c 00 00 00 00
00 00 06 00 0d 17 29 21 26 29 24 13 00 04 00 00
00 00 17 29 32 20 00 00 00 00 18 30 1a 11 00 00
00 00 0a 1b 17 09 00 00 00 00 1a 27 20 09 00 00
00 00 00 00 00 00 00 00 00 00 04 11 28 13 00 00
00 00 00 00 00 00 00 00 00 00 01 1a 13 00 00 00
00 00 00 00 00 00 00 00 00 0e 2f 19 00 00 00 00
00 00 00 00 00 00 03 00 0a 22 12 03 00 00 00 00
00 00 00 00 00 00 00 16 30 1b 00 00 00 00 00 00
00 00 00 00 00 00 0d 1c 17 06 00 00 00 00 00 00
00 00 00 00 04 16 17 08 00 00 00 00 00 00 00 00
00 00 05 00 13 2d 23 17 00 00 05 0a 00 00 00 00
00 00 1a 27 55 55 53 54 4e 56 4d 4b 2e 18 00 00
00 00 00 00 00 00 00 00 00 00 00 00 00 00 00 00
00 00 00 00 00 00 00 00 00 00 00 00 00 00 00 00
00 00 00 00 07 1d 1c 1d 1e 1f 0f 00 00 00 00 00
00 00 00 00 0f 27 3a 3e 40 42 20 05 00 00 00 00
00 00 08 1e 19 11 10 12 0f 10 19 22 17 00 00 00
00 00 14 3c 23 02 00 00 00 00 11 48 23 00 00 00
00 00 01 15 05 00 00 00 00 00 14 3f 21 00 00 00
00 00 00 00 00 00 00 00 00 00 10 2a 19 00 00 00
00 00 00 00 00 00 00 00 00 19 17 12 02 00 00 00
00 00 00 00 00 00 00 00 0c 28 25 00 00 00 00 00
00 00 00 00 00 00 02 1c 1a 19 04 00 00 00 00 00
00 00 00 00 00 00 0b 2f 26 00 00 00 00 00 00 00
00 00 00 00 04 1c 1a 15 08 00 00 00 00 00 00 00
00 00 00 00 0e 38 1f 00 00 00 00 00 00 00 00 00
00 00 03 1d 25 42 32 18 1c 1d 1a 1f 0b 00 00 00
00 00 16 3a 45 46 46 44 45 40 3d 3b 22 00 00 00
00 00 00 00 00 00 00 00 00 00 00 00 00 00 00 00
00 00 00 00 00 00 00 00 00 00 00 00 00 00 00 00
00 00 00 00 00 00 00 00 00 00 00 00 00 00 00 00
00 00 00 00 00 00 00 00 00 00 00 00 00 00 00 01
00 00 00 00 00 00 00 00 00 00 00 00 00 00 00 00
00 00 00 00 00 00 00 01 00 00 00 00 00 00 00 00
00 00 00 00 00 00 00 00 00 00 00 00 00 00 00 00
00 00 00 00 00 00 00 00 00 00 00 00 00 00 00 00
00 00 00 00 00 00 00 00 00 00 00 00 00 00 00 00
00 00 00 00 00 00 00 00 00 00 00 00 00 00 00 00
00 00 00 00 00 00 00 00 00 00 00 00 00 00 00 00
00 00 00 00 00 00 00 00 00 00 00 00 00 00 00 00
00 00 00 00 00 00 00 00 00 00 00 00 00 00 00 00
00 00 00 00 00 00 00 00 00 00 00 00 00 00 00 00
00 00 00 00 00 00 00 00 00 00 00 00 00 00 00 00
00 00 00 00 00 00 00 00 00 00 00 00 00 00 00 00
IMG 7
01 03 00 01 04 04 04 04 05 04 02 05 05 03 00 03
05 03 04 00 00 00 00 00 00 00 07 03 05 04 00 04
05 07 08 00 00 00 00 00 00 00 00 04 00 02 07 05
05 00 00 00 00 00 00 00 00 00 02 00 05 06 08 07
05 00 00 00 00 1b 1c 21 1b 00 00 00 00 06 07 06
05 00 00 00 15 02 02 07 04 00 00 00 14 03 04 05
03 12 09 14 1e 08 04 07 07 00 00 00 18 05 09 05
02 02 03 05 05 05 04 00 00 00 00 00 10 04 03 07
06 02 09 05 06 04 07 00 00 00 03 0e 1f 00 07 05
05 04 05 07 04 00 00 00 00 00 14 01 05 06 02 08
03 02 02 05 06 00 00 00 05 16 19 08 06 02 04 05
03 00 06 00 00 00 00 00 19 05 05 05 05 05 03 06
00 03 03 00 00 00 00 13 17 07 03 02 04 05 05 06
06 00 00 00 00 00 05 00 00 00 00 00 05 05 04 04
04 00 00 00 00 00 00 00 00 00 00 00 00 06 03 04
04 00 00 00 00 00 00 00 00 00 00 05 14 03 05 04
00 00 01 00 00 00 01 01 00 00 00 00 00 01 03 00
00 01 02 0f 04 00 00 00 00 00 00 03 04 00 00 03
01 03 00 13 05 00 00 00 00 00 00 04 00 00 00 04
01 12 02 00 00 08 0e 0d 09 32 1a 00 00 03 05 02
01 11 00 00 00 08 0a 10 11 36 14 00 00 00 00 00
02 00 00 24 1c 03 02 00 00 00 00 00 00 00 00 00
03 00 00 26 18 01 08 03 00 00 00 00 00 04 00 01
01 01 00 00 00 01 00 11 03 00 00 1e 13 04 00 00
00 01 03 02 04 00 00 11 02 00 00 20 18 01 03 00
00 00 01 00 00 11 01 00 00 25 18 00 00 00 02 01
02 03 00 00 00 12 00 00 00 1e 1a 07 03 01 00 00
01 00 00 12 03 00 00 24 17 00 01 00 00 00 02 02
00 00 01 0f 00 00 00 26 17 02 00 01 00 00 02 02
00 11 08 00 00 02 00 00 00 00 00 00 00 00 01 00
03 0e 00 00 00 03 00 00 00 00 00 00 00 05 00 00
01 00 00 07 0e 14 0d 08 13 0b 0a 25 17 02 00 02
00 00 00 00 00 00 00 00 00 00 00 00 00 00 00 00
00 00 00 00 00 00 00 00 00 00 00 00 00 00 00 00
00 00 00 00 00 00 00 00 00 00 00 00 00 00 00 00
00 00 00 00 00 00 00 00 00 00 00 00 00 00 00 00
00 00 00 00 00 00 00 00 00 00 00 00 00 00 00 00
00 00 00 00 00 00 00 00 00 00 00 00 00 00 00 00
00 00 00 00 00 00 00 00 00 00 00 00 00 00 00 00
00 00 00 00 00 00 00 00 00 00 00 00 00 00 00 00
00 00 00 00 00 00 00 00 00 00 00 00 00 00 00 00
00 00 00 00 00 00 00 00 00 00 00 00 00 00 00 00
00 00 00 00 00 00 00 00 00 00 00 00 00 00 00 00
00 00 00 00 00 00 00 00 00 00 00 00 00 00 00 00
00 00 00 00 00 00 00 00 00 00 00 00 00 00 00 00
00 00 00 00 00 00 00 00 00 00 00 00 00 00 00 00
00 00 00 00 00 00 00 00 00 00 00 00 00 00 00 00
00 00 00 00 00 00 00 00 00 00 00 00 00 00 00 00
00 00 00 00 00 00 00 00 00 00 00 00 00 00 00 00
00 00 00 00 0d 1f 20 20 20 1a 0d 00 00 00 00 00
00 00 00 00 1c 36 39 38 37 32 13 00 00 00 00 00
00 00 0a 0e 1d 1e 22 20 1a 34 26 17 0d 00 00 00
00 00 1c 28 15 07 0b 0a 05 1a 2f 36 16 00 00 00
00 00 05 2b 11 00 00 00 00 00 1b 4b 24 00 00 00
00 00 00 11 06 00 00 00 00 00 1b 4b 25 00 00 00
00 00 00 00 00 00 00 00 0b 0b 1b 29 0e 00 00 00
00 00 00 00 00 00 00 00 1b 25 0f 18 08 00 00 00
00 00 00 00 00 00 0b 0d 1a 29 10 00 00 00 00 00
00 00 00 00 00 00 1d 26 10 0f 05 00 00 00 00 00
00 00 00 00 0b 0b 1d 2c 12 00 00 00 00 00 00 00
00 00 00 00 1a 22 10 13 08 00 00 00 00 00 00 00
00 00 0c 10 2f 54 34 1e 22 1e 1a 1a 0d 00 00 00
00 00 1a 2b 37 53 42 34 3a 30 33 2d 12 00 00 00
00 00 03 18 1e 21 1a 1a 20 18 18 28 0b 00 00 00
00 00 00 00 00 00 00 00 00 00 00 00 00 00 00 00
00 00 00 00 00 00 00 00 00 05 00 00 00 00 00 00
00 00 00 00 00 00 00 00 00 00 00 00 00 00 00 00
00 00 00 01 00 00 00 00 00 00 00 04 00 00 00 00
00 00 00 00 00 00 00 00 00 00 00 00 00 00 00 00
00 00 00 00 00 00 00 00 00 00 00 00 00 00 00 00
00 00 00 00 00 00 00 00 00 00 00 00 00 00 00 00
00 00 00 00 00 00 00 00 00 03 00 00 00 00 00 00
00 00 00 00 00 00 00 00 00 00 00 00 00 00 00 00
00 00 00 00 00 00 00 03 00 00 00 00 00 00 00 00
00 00 00 00 00 00 00 00 00 00 00 00 00 00 00 00
00 00 00 00 00 03 00 00 00 00 00 00 00 00 00 00
00 00 00 00 00 00 00 00 00 00 00 00 00 00 00 00
00 00 00 00 00 00 00 00 00 00 00 03 00 00 00 00
00 00 00 00 00 00 00 00 00 00 00 00 00 00 00 00
00 00 00 00 00 00 00 00 00 00 00 00 00 00 00 00
00 00 00 00 00 00 00 00 00 00 00 00 00 00 00 00
00 00 00 00 00 00 00 00 00 00 00 00 00 00 00 00
00 00 00 08 05 0a 0a 0a 0b 00 00 00 00 00 00 00
00 00 00 00 18 6a 69 6d 6e 40 24 00 00 00 00 00
00 06 03 11 2c 3d 37 38 39 30 17 00 00 00 00 00
00 20 3a 48 30 00 00 00 00 26 3d 2b 13 00 00 00
00 0d 24 1f 09 00 00 00 00 26 3a 27 0c 00 00 00
00 00 00 00 00 00 00 00 00 00 16 3a 28 00 00 00
00 00 00 00 00 00 00 07 03 0f 30 18 0b 00 00 00
00 00 00 00 00 00 00 00 19 41 28 00 00 00 00 00
00 00 00 00 00 06 03 10 2d 1d 0c 00 00 00 00 00
00 00 00 00 00 01 1b 44 20 00 00 00 00 00 00 00
00 00 00 04 02 13 31 1f 08 00 00 00 00 00 00 00
00 00 00 09 19 1f 0c 00 00 00 00 00 00 00 00 00
00 07 03 23 3b 30 1e 0a 05 11 05 00 00 00 00 00
00 1a 35 6c 6d 6b 69 68 67 66 61 3c 25 00 00 00
00 00 00 00 00 00 00 00 00 00 00 00 00 00 00 00
00 00 00 00 00 00 00 00 00 00 00 00 00 00 00 00
00 00 00 0b 27 2b 2c 29 2d 17 00 00 00 00 00 00
00 00 00 13 3a 59 5a 55 58 31 03 00 00 00 00 00
00 09 2b 28 21 1f 1e 19 1c 23 28 13 00 00 00 00
00 1b 4f 37 07 00 00 00 00 21 57 32 00 00 00 00
00 04 1c 0b 00 00 00 00 00 1d 51 2c 00 00 00 00
00 00 00 00 00 00 00 00 00 12 39 2f 04 00 00 00
00 00 00 00 00 00 00 0a 27 22 22 0b 00 00 00 00
00 00 00 00 00 00 00 13 3a 32 04 00 00 00 00 00
00 00 00 00 00 09 2a 23 1f 09 00 00 00 00 00 00
00 00 00 00 00 17 3d 33 00 00 00 00 00 00 00 00
00 00 00 05 29 25 23 0b 00 00 00 00 00 00 00 00
00 00 00 17 43 27 00 00 00 00 00 00 00 00 00 00
00 06 27 3a 57 3d 25 2d 27 28 28 15 00 00 00 00
00 18 46 59 5b 55 53 58 52 4c 53 2b 00 00 00 00
00 00 00 00 00 00 00 00 00 00 00 00 00 00 00 00
00 00 00 00 00 00 00 00 00 00 00 00 00 00 00 00
00 00 00 00 00 00 00 00 00 00 00 00 00 00 00 00
00 00 00 00 00 00 00 00 00 00 00 00 00 00 00 00
00 00 00 00 00 00 00 00 00 00 00 00 00 00 00 00
00 00 00 00 00 00 00 00 00 00 00 00 00 00 00 00
00 00 00 00 00 00 00 00 00 00 00 00 00 00 00 00
00 00 00 00 00 00 00 00 00 00 00 00 00 00 00 00
00 00 00 00 00 00 00 00 00 00 00 00 00 00 00 00
00 00 00 00 00 00 00 00 00 00 00 00 00 00 00 00
00 00 00 00 00 00 00 00 00 00 00 00 00 00 00 00
00 00 00 00 00 00 00 00 00 00 00 00 00 00 00 00
00 00 00 00 00 00 00 00 00 00 00 00 00 00 00 00
00 00 00 00 00 00 00 00 00 00 00 00 00 00 00 00
00 00 00 00 00 00 00 00 00 00 00 00 00 00 00 00
00 00 00 00 00 00 00 00 00 00 00 00 00 00 00 00
SIGNATURE 2232c348
