# HERCOSSNUX NPU golden vectors v1 N=32
IMG 0 CLASS 3 EXPECT 3
00 00 08 06 00 03 01 00 0c 00 01 00 07 00 00 08
02 6e 68 72 6e 5d 6a 6b 5f 57 63 09 05 00 00 03
06 69 6b 64 6f 68 6c 75 54 65 6c 01 00 00 0b 0f
0f 00 07 01 00 03 00 69 6e 00 00 00 00 00 00 01
0e 00 00 00 00 00 00 53 68 00 00 06 0b 00 01 00
00 02 00 06 0d 5e 6c 01 00 00 09 01 00 00 09 00
1a 00 00 0a 00 62 5b 00 00 03 06 00 00 00 00 00
05 02 0c 00 03 00 00 5c 6c 00 0c 00 00 00 04 05
00 02 0f 00 06 05 00 5c 75 00 00 00 05 00 00 00
0b 0a 01 00 05 12 00 07 03 63 53 06 06 03 00 00
00 0c 00 01 06 00 00 07 05 67 69 00 0c 04 00 0e
0c 6d 60 00 03 00 00 02 00 79 68 01 00 14 00 01
00 69 61 00 0b 04 00 00 00 53 62 00 05 04 00 00
00 0a 00 7f 6f 54 5a 6e 5f 00 00 00 00 00 00 00
11 0c 00 52 69 55 60 6d 65 00 08 04 00 02 00 00
0a 01 00 00 00 0a 00 00 00 17 00 09 0a 00 06 00
LOGITS f9 01 07 30 d1 0d d2 07 0a fc
IMG 1 CLASS 2 EXPECT 2
00 00 00 00 06 03 0b 06 72 71 63 6c 63 76 04 00
00 00 10 08 06 03 06 01 75 77 7f 74 7f 7c 03 00
00 00 03 00 00 00 6f 7d 0a 00 13 00 03 00 7e 69
07 00 03 11 14 00 72 7b 12 00 00 01 00 00 6a 77
02 00 05 01 00 00 00 02 00 05 02 07 05 00 5f 6f
00 00 0b 00 00 14 02 00 00 0b 00 07 04 06 7f 69
06 00 09 03 07 00 00 02 01 00 09 00 75 6f 00 00
04 01 00 00 00 00 00 03 00 00 10 06 6c 7f 00 0e
00 00 00 00 02 00 00 06 0a 00 7c 74 00 00 0d 0c
10 14 00 02 00 0b 03 0b 05 01 69 67 15 00 00 0b
05 0a 0b 03 00 00 08 0f 66 78 00 02 07 04 00 00
05 00 00 02 00 03 00 00 7d 74 0e 0b 0d 0c 10 00
00 00 07 08 00 00 7c 76 6a 7c 72 68 69 75 71 68
0f 00 00 00 07 01 7f 78 64 4f 6e 6f 68 67 74 7b
00 03 11 00 0f 00 05 00 00 05 05 17 00 00 00 00
09 0f 00 00 00 15 00 00 06 01 00 13 00 00 00 00
LOGITS 05 01 32 19 ca fc fa f4 0b da
IMG 2 CLASS 8 EXPECT 8
13 00 00 02 00 00 0b 0b 00 00 10 00 13 00 00 00
01 03 09 00 5b 5e 63 67 5f 60 00 00 08 00 00 00
00 05 03 0e 58 66 6d 61 70 58 0a 02 01 00 00 02
00 00 68 5c 00 02 00 01 03 0a 70 5d 00 00 00 00
01 01 65 67 13 13 00 00 00 09 64 54 00 00 02 01
00 07 4d 57 08 00 00 00 00 00 5a 5e 00 00 01 06
00 00 69 5c 06 00 07 00 05 08 72 55 00 00 11 00
0c 02 16 08 60 64 6a 66 5e 5b 00 00 00 00 01 00
01 08 0b 00 76 55 62 6b 66 5e 00 07 00 00 00 00
00 00 61 54 00 03 0e 00 08 00 5a 62 00 00 00 00
00 00 5d 70 04 00 00 00 00 00 5f 56 01 0d 00 08
00 00 59 6a 00 00 00 03 00 00 4f 63 02 13 00 04
00 00 68 6f 00 00 00 00 02 00 53 65 00 00 02 00
0c 0b 0c 02 60 53 5c 5d 66 54 00 02 04 0a 00 05
02 08 00 08 5b 6d 67 6b 5a 6d 04 03 00 01 02 00
00 00 04 00 08 00 0b 00 00 08 04 00 0f 07 00 06
LOGITS 04 f5 f4 fb f4 e7 04 f0 31 0b
IMG 3 CLASS 8 EXPECT 8
00 05 00 00 00 00 00 00 14 01 00 16 00 00 17 0d
00 0a 00 01 00 00 00 02 01 00 04 00 02 00 03 00
00 11 00 00 00 00 00 00 5d 7e 61 75 5c 61 00 00
00 00 0d 00 02 00 00 00 66 6d 71 78 57 63 0a 02
03 06 0c 00 0a 17 67 5c 01 00 00 00 02 09 62 64
00 05 04 00 05 11 67 5d 02 00 0c 00 00 05 65 79
08 06 05 00 00 0a 70 6d 10 00 00 00 05 00 69 6a
08 05 00 00 00 00 56 6d 00 00 05 15 00 00 69 63
0f 0b 07 05 00 0b 01 00 62 6a 6b 5f 6f 5f 00 11
19 00 00 00 00 01 00 00 79 60 5f 4a 6e 60 00 00
03 00 02 00 00 03 65 67 03 00 04 0d 17 06 6c 74
00 00 05 0f 00 00 64 7f 02 00 08 05 00 00 66 78
0c 00 03 06 00 00 6f 5c 04 00 00 00 00 00 65 65
00 00 00 0a 05 00 60 68 00 05 08 00 00 07 60 5f
0a 00 04 00 00 02 0f 00 74 71 5e 77 79 67 01 03
00 01 09 05 06 00 00 05 52 7f 6b 6e 75 6e 0d 04
LOGITS fb ff 01 03 fb fc ff e9 22 fe
IMG 4 CLASS 7 EXPECT 7
00 00 00 00 00 03 00 00 0c 0b 11 00 12 05 02 00
00 5c 68 72 6c 6b 52 68 5d 62 64 12 00 00 00 00
0e 61 63 79 51 67 4e 5b 6b 59 62 12 09 04 01 02
07 00 00 02 0a 00 00 09 00 5a 77 15 00 0b 00 0f
01 09 04 06 1d 0a 00 02 00 5c 67 00 00 04 09 1f
03 00 0c 00 00 08 00 61 65 00 0b 0b 00 0c 02 00
00 04 01 0c 17 00 00 73 63 00 04 00 00 00 00 0a
09 00 00 05 0d 56 67 00 0a 00 07 00 02 00 00 00
00 10 12 00 0b 53 67 11 00 10 03 0c 0a 09 07 04
00 00 0a 69 5d 02 00 00 00 0b 16 00 06 02 0b 00
0c 00 03 58 61 00 11 00 00 00 00 04 0a 00 00 00
00 00 00 57 67 00 0e 0b 05 0c 0d 03 05 0b 00 08
00 0f 00 62 6a 09 08 04 0b 03 0b 00 00 07 09 02
11 00 04 58 6a 0f 00 03 0d 0c 0c 10 00 04 00 09
02 00 09 60 55 11 00 00 00 06 00 00 00 04 00 00
00 08 0f 09 00 00 00 0b 14 00 00 00 00 0c 08 00
LOGITS 0f e2 03 22 d0 02 aa 4b 15 03
IMG 5 CLASS 5 EXPECT 5
04 00 00 0e 00 09 00 01 00 00 00 00 07 04 00 00
00 04 05 07 01 03 00 10 01 00 08 0b 0b 05 0b 00
00 00 00 00 01 7f 73 7d 7f 7f 7c 7b 7f 7a 7f 00
00 03 00 00 04 7f 7b 7f 71 7f 7f 71 7f 79 78 00
02 00 00 00 00 63 7f 07 00 00 09 00 04 00 00 00
00 0a 01 08 01 6f 7b 00 00 0a 00 00 10 0c 09 00
00 09 09 00 0e 7d 7f 7f 6c 7f 76 7f 7f 00 04 02
0e 00 00 00 00 6f 79 7c 7f 6b 7f 7d 6e 0a 0b 0b
00 01 00 0e 00 00 00 00 05 04 06 0f 03 67 73 00
00 00 00 0c 00 00 04 03 07 0a 05 0c 01 7f 61 07
09 09 05 00 03 00 00 00 00 01 02 15 00 7f 7f 01
0c 00 00 04 00 00 0b 02 00 00 00 02 1a 7f 7a 00
06 07 00 0a 1e 7d 72 00 0f 0d 02 10 0a 71 70 03
00 07 05 04 0e 78 6f 00 0b 00 04 0f 00 7c 6a 00
05 00 0b 04 00 00 09 7f 6c 7f 7f 71 7f 0d 00 0b
00 05 05 06 00 00 00 78 7f 77 75 7a 7f 12 0e 1c
LOGITS 02 fe e1 07 d3 3c df f6 0c 03
IMG 6 CLASS 2 EXPECT 2
05 00 00 00 00 00 00 00 0c 06 0c 00 02 00 00 00
00 00 00 02 0d 00 1b 09 0c 0c 0c 0b 0c 0e 00 00
04 00 0b 06 0e 52 49 4e 4e 5a 58 00 05 07 00 00
09 00 08 08 00 5d 43 5d 5c 52 57 00 0b 09 21 0d
00 00 00 63 50 03 00 02 00 00 00 66 6a 06 02 00
00 00 00 60 5f 00 1c 17 00 00 00 55 66 01 00 00
00 04 00 00 01 00 03 02 04 08 00 65 4d 00 00 09
13 00 0c 00 00 06 00 00 00 00 05 4b 46 05 00 05
00 00 13 00 00 00 08 00 07 42 59 0e 00 00 00 00
01 00 00 00 04 11 00 00 00 5e 54 00 00 10 00 08
02 00 08 19 00 00 00 57 5c 00 0d 00 00 01 00 00
03 00 08 01 02 00 00 5a 58 09 00 00 00 00 00 05
07 00 00 00 00 63 50 00 0e 00 00 13 0a 08 00 00
00 17 00 08 00 54 66 00 00 15 00 04 07 00 0a 01
03 03 06 53 51 56 65 46 53 52 5c 4d 5b 02 03 00
09 08 00 6a 5c 5d 5b 61 70 52 49 56 4b 0b 00 1f
LOGITS 05 0d 2e 0d c7 01 df f8 0b ef
IMG 7 CLASS 2 EXPECT 2
00 0d 00 09 09 00 07 00 00 00 00 0a 00 00 0a 05
09 05 03 12 00 01 00 05 0a 00 0c 00 00 00 04 16
05 00 01 01 6d 73 77 69 6f 7f 00 00 0b 0f 04 00
00 00 00 00 67 68 7b 6d 66 6c 03 02 0c 07 00 00
03 00 74 7c 0f 05 07 00 08 0e 68 78 02 00 00 00
00 00 71 71 09 10 11 00 00 0d 7f 70 10 10 00 02
00 04 00 00 00 02 02 07 00 00 66 60 0b 00 03 00
00 0f 01 08 00 01 00 0a 00 00 67 79 00 10 00 00
00 06 06 00 00 00 04 00 6d 73 00 09 02 00 0f 00
03 00 00 00 00 08 00 00 6b 67 17 0a 03 05 02 00
02 09 05 05 00 00 73 78 00 00 01 07 05 00 0a 05
00 04 0f 00 03 00 74 63 0d 00 00 00 00 08 07 00
04 12 00 00 6e 77 01 0f 00 00 00 0a 01 00 01 08
0b 00 0f 00 69 64 00 07 0a 02 09 00 11 05 00 01
00 00 60 73 7b 75 60 6f 79 57 76 68 07 00 00 0e
03 07 6b 66 73 6c 66 75 67 5f 63 67 00 0a 0c 00
LOGITS 05 0b 3f 13 b0 fe c8 fb 0f fa
IMG 8 CLASS 4 EXPECT 4
03 0c 08 01 00 07 02 08 06 04 00 00 05 06 08 0d
00 00 00 0c 00 00 09 01 09 10 04 00 00 09 03 00
00 00 05 07 00 0a 00 00 04 00 14 7f 78 19 00 00
00 00 06 00 04 00 00 03 07 05 16 7a 7f 09 06 00
00 00 00 00 00 02 15 0c 15 7b 76 78 77 03 00 00
08 17 00 00 00 06 00 00 00 71 7a 6f 7f 04 09 00
00 05 14 04 0c 00 03 7f 67 06 0a 7f 7f 03 00 00
08 00 00 11 00 00 03 7f 7f 00 00 70 7f 00 07 00
06 0a 0b 00 00 7d 76 00 0f 02 09 74 7f 00 02 13
00 18 1b 00 08 74 7f 00 07 02 00 6d 7f 00 00 00
00 00 09 00 16 7c 7c 7c 76 6d 75 7f 7e 7d 7f 00
0f 0e 00 00 0b 7f 79 76 7b 78 7f 73 77 7b 7f 00
0d 00 00 1f 00 08 00 00 06 00 02 76 7f 02 00 0e
0e 0f 00 00 01 00 14 00 06 02 00 7d 75 10 05 00
04 13 06 00 0e 00 00 00 06 0b 01 73 7f 00 00 00
00 00 00 03 08 00 00 08 00 05 0f 70 7f 07 0c 08
LOGITS 14 ff d1 e5 5a d9 23 cb 17 fd
IMG 9 CLASS 6 EXPECT 6
00 0f 02 07 00 16 00 5e 66 5d 64 0f 00 00 00 00
00 0d 00 03 00 02 00 69 62 6c 5e 00 00 00 00 00
07 00 11 0e 00 5c 64 0d 0a 00 10 00 00 00 00 03
05 02 12 00 00 6b 6a 00 00 00 13 00 02 02 00 00
03 00 00 5a 69 08 07 00 01 00 0e 00 00 0d 00 00
00 00 00 53 62 00 00 00 19 06 00 00 05 00 00 0a
0b 01 08 6e 5e 5d 5b 5f 63 6c 69 01 00 09 01 00
00 08 00 55 6d 67 54 58 56 5f 6d 0e 0c 05 12 00
02 04 00 54 62 0a 0c 00 09 0a 0e 64 57 03 00 13
00 01 0a 68 56 0b 02 06 0a 03 00 6a 62 08 00 0b
00 08 00 5d 69 00 10 0e 00 00 00 64 63 02 07 06
18 06 00 6c 6b 04 00 00 00 06 03 63 6c 08 00 00
03 03 00 03 04 61 62 59 57 6a 53 00 0c 0f 06 00
04 00 11 00 1c 63 59 72 62 6c 62 00 0f 00 05 0a
11 03 0e 00 0b 00 00 00 12 04 00 0a 01 01 00 00
06 00 00 00 0a 00 11 00 03 09 00 00 05 00 03 0a
LOGITS fd 02 dd db 02 07 31 d3 16 03
IMG 10 CLASS 1 EXPECT 1
06 00 00 0c 0e 01 04 00 09 69 7f 01 00 02 04 00
01 00 00 14 00 01 00 00 04 76 7d 00 00 00 0b 04
0a 02 00 00 09 00 05 7f 70 73 6d 00 00 0c 00 00
00 00 00 08 04 02 00 70 7d 7f 7f 07 15 03 00 00
08 00 06 00 00 04 00 09 00 62 6a 00 03 00 10 00
00 01 13 00 00 00 00 00 00 7d 76 0c 08 06 02 00
00 00 00 03 02 00 05 00 00 6c 7d 0e 00 00 1c 00
09 03 01 09 02 06 00 00 03 7f 73 18 00 00 0a 00
03 13 04 00 03 09 00 01 00 75 7f 02 00 00 06 0d
00 02 01 00 00 00 00 01 0a 70 79 09 03 00 00 0c
00 00 00 00 00 00 0a 00 00 71 6d 00 07 03 00 01
11 02 00 00 00 08 09 0d 00 7f 63 01 00 00 0f 10
0c 03 10 00 06 00 00 7c 71 6b 65 79 75 03 01 00
00 0d 00 0a 15 10 00 69 79 62 78 74 7f 03 00 10
0a 00 03 00 0f 00 00 06 00 00 05 00 00 00 09 00
00 14 00 00 18 00 03 00 00 06 0d 04 02 00 0a 00
LOGITS 0d 3b 04 01 06 e9 ea cc f4 f1
IMG 11 CLASS 6 EXPECT 6
0b 01 00 05 00 00 06 00 00 19 09 02 0a 11 01 00
00 00 14 00 00 0e 00 7d 6f 7f 7f 00 00 03 00 0b
00 03 00 00 00 00 00 7c 7f 78 71 00 08 02 00 00
00 0a 00 02 0a 6f 7f 00 00 00 06 00 0b 00 00 11
0b 00 00 00 00 7f 7c 07 00 00 00 00 00 02 00 00
00 00 00 6e 7f 0a 0e 05 05 09 00 00 0c 00 00 03
10 07 00 7a 7f 00 00 0f 00 10 00 02 00 0b 0d 00
00 03 06 72 77 6e 78 7f 7f 78 79 0e 00 17 00 00
00 00 0f 7f 7f 7a 6d 6c 7f 7c 6f 0a 00 16 02 09
07 00 01 71 7f 00 00 00 00 00 06 78 6f 00 04 07
00 00 0a 74 7a 00 0f 03 01 00 0d 77 72 00 00 00
06 00 10 7f 72 01 0b 09 04 00 00 7b 7a 00 06 00
07 00 00 7f 7b 05 00 03 08 00 05 79 78 00 05 13
12 08 00 07 00 7f 7b 7c 6b 7f 74 02 00 00 08 01
03 04 00 08 10 7c 6c 75 77 7f 77 00 00 00 00 04
00 0b 00 01 08 00 08 00 00 00 00 00 10 00 00 06
LOGITS 0c 03 e5 e5 0f db 4e bf 1c fa
IMG 12 CLASS 3 EXPECT 3
00 7c 7f 7a 7f 7f 6e 78 6f 70 78 01 00 06 00 01
00 6e 6a 78 7f 6d 7d 6e 71 7e 7d 00 00 00 00 00
05 00 0d 09 09 0e 00 77 7f 02 18 02 00 00 02 02
02 00 00 00 00 00 0e 76 7f 09 00 00 0d 06 00 0f
00 07 00 01 00 75 7f 04 01 07 00 06 00 00 08 00
00 10 00 00 00 6f 7c 10 00 00 01 00 00 0e 00 00
00 00 0f 00 00 04 00 7f 7f 00 03 0b 03 00 06 00
00 0b 08 06 00 05 0c 7f 7f 01 00 10 00 08 01 02
04 04 00 00 00 00 04 00 0c 77 7c 07 01 10 0b 00
00 01 00 00 00 04 00 13 00 76 7f 07 00 00 00 02
00 7f 77 00 07 00 0c 00 0b 79 74 00 00 07 00 02
00 6d 79 01 00 00 00 00 00 77 7c 00 03 00 00 09
00 00 00 63 7e 6a 7f 6d 74 00 05 00 00 01 00 00
02 0c 00 7f 7f 73 7b 7f 77 1d 00 00 04 04 19 09
07 00 08 00 00 0d 00 00 03 00 0d 00 00 00 00 01
00 00 00 0a 00 00 00 13 07 00 00 00 00 06 00 07
LOGITS 02 fa 00 2c d4 fa e6 04 02 ff
IMG 13 CLASS 5 EXPECT 5
71 6e 7e 5a 77 68 6b 5a 7f 66 06 02 00 00 05 00
61 53 76 6a 69 78 62 6c 6c 78 00 06 13 00 05 00
6f 79 0f 00 00 03 01 08 0d 03 07 0a 08 09 00 0b
75 79 00 14 02 01 02 00 01 01 00 00 01 00 00 09
78 64 77 67 6c 6e 66 5d 00 12 0c 05 04 0a 07 00
78 6e 7f 79 6e 69 7f 5e 0e 00 09 09 00 00 00 0c
00 00 02 00 03 06 00 00 70 65 00 07 06 00 20 00
00 06 05 00 0b 02 0d 00 7d 6b 00 00 00 00 07 00
11 00 00 00 0a 00 00 00 71 73 07 09 00 0f 00 08
15 03 0e 05 00 12 00 11 7f 66 00 00 14 00 00 04
71 6c 04 04 00 00 00 00 6b 77 00 1b 11 00 04 00
7f 6c 00 00 00 00 00 00 5e 76 00 0c 00 0b 07 00
00 09 79 78 7f 6d 77 62 00 0a 07 07 02 0b 08 00
06 13 75 5c 66 6c 7a 6e 01 00 07 00 04 0b 00 11
00 00 05 01 0c 00 00 00 07 00 0e 00 00 0b 00 00
00 0e 00 00 12 00 07 04 00 08 01 00 00 00 00 07
LOGITS 03 f9 01 00 d2 2b e2 f3 07 0c
IMG 14 CLASS 6 EXPECT 6
00 08 00 02 00 00 68 6c 6a 63 00 00 04 00 00 00
00 00 09 00 00 03 6b 6c 7b 7f 05 00 00 0b 00 04
04 00 0e 00 6f 7f 00 00 0e 04 00 00 00 00 0a 00
00 05 00 00 7f 6a 00 00 00 00 02 05 00 00 05 1a
00 05 6b 67 00 00 00 05 00 0e 02 06 01 0b 07 00
00 00 6f 65 07 00 03 11 00 06 00 02 00 00 03 00
05 00 5f 58 6f 6a 6a 75 64 62 01 00 06 12 01 09
00 00 6b 63 5a 70 5a 6e 6c 6b 00 00 10 10 02 00
21 09 7c 5a 08 0c 03 00 00 00 52 6a 00 03 05 12
0a 00 51 6a 09 00 08 04 00 00 7a 7a 00 00 01 00
00 0c 71 68 03 09 00 05 00 00 69 60 02 0d 00 03
00 06 74 6d 00 0a 12 0e 00 12 64 67 00 0a 03 00
0e 00 06 00 78 7f 65 69 62 76 00 00 00 00 00 05
0e 00 0c 00 6d 5c 66 62 65 57 03 00 08 00 00 0b
00 0f 03 0b 08 00 00 15 07 00 0f 01 0d 10 00 00
03 00 03 00 08 00 00 00 00 0c 03 0c 00 00 00 07
LOGITS 03 f6 e2 d7 f7 0d 38 d3 17 0b
IMG 15 CLASS 8 EXPECT 8
00 08 00 00 01 00 05 00 01 00 00 00 19 00 02 08
00 04 0d 00 08 5b 59 62 6a 71 65 02 00 00 07 00
09 00 00 00 06 6b 5c 70 64 67 66 00 00 0f 00 00
00 09 00 63 75 0a 00 00 04 00 00 5c 6e 0e 00 00
0b 00 00 6d 5e 00 09 00 00 00 00 6d 6b 00 00 06
00 00 00 64 6b 0b 05 01 07 02 00 65 66 00 00 06
00 02 00 5d 62 0c 00 02 00 0f 00 65 70 07 00 00
07 00 10 0e 11 60 6a 67 7f 68 65 04 06 1a 00 00
00 1c 00 0a 00 59 6d 77 5c 78 64 00 00 05 00 15
07 01 00 5f 55 00 00 00 03 0e 07 76 5d 08 00 05
00 14 00 62 6f 02 09 00 00 0a 00 75 62 02 00 0b
01 00 0b 64 6e 00 00 06 00 00 04 6c 6a 00 00 01
03 00 0f 60 66 00 00 00 0c 00 0c 63 60 03 01 08
00 05 0d 00 0a 73 6c 74 68 60 57 02 00 10 00 0a
00 00 00 0b 00 66 74 59 5c 71 66 00 00 00 00 04
0d 07 04 16 00 0f 03 02 08 01 09 06 05 00 02 05
LOGITS 07 fb f8 f4 f2 ec 09 e5 34 06
IMG 16 CLASS 4 EXPECT 4
00 00 0c 04 00 00 05 0a 00 06 00 47 6d 00 00 00
00 00 06 01 00 02 06 01 00 00 06 6b 68 00 00 00
00 00 00 00 03 07 07 13 00 5c 63 5b 58 00 09 00
00 04 00 0d 00 00 00 00 18 6c 72 52 61 00 00 00
0e 00 00 02 00 0b 00 6c 76 12 00 6d 55 00 01 00
05 00 00 00 06 02 02 77 63 00 00 59 75 00 03 00
00 00 0a 09 00 7a 60 00 00 00 00 67 56 00 00 08
00 01 04 00 09 63 6e 00 0b 0b 05 64 66 07 00 10
00 06 00 00 00 62 62 63 71 75 67 61 62 63 42 0c
0c 00 01 0d 00 62 5d 75 6d 71 68 66 65 64 69 00
07 0b 02 03 00 00 06 01 0b 00 0a 64 78 00 0e 02
03 02 00 00 0c 00 00 00 0a 00 06 52 69 00 00 00
00 0c 00 0f 00 00 03 00 00 18 06 66 5b 00 02 04
10 00 00 00 00 02 02 05 00 05 15 61 5d 00 0a 03
00 00 00 02 00 00 00 0a 00 00 00 00 00 00 01 00
01 00 00 02 00 00 00 00 05 00 0b 10 00 05 12 00
LOGITS fe ec be e6 4c e1 19 e1 11 2a
IMG 17 CLASS 7 EXPECT 7
10 00 05 00 00 06 65 64 56 62 5e 5f 5b 4d 6d 67
00 00 00 0f 02 08 65 62 5c 5b 71 6f 58 69 66 4d
19 03 00 00 18 00 00 00 00 00 02 00 00 0b 68 66
00 00 08 08 00 00 08 00 0a 00 00 00 06 06 62 70
0f 00 02 02 0d 02 07 03 06 00 00 00 5f 65 00 0f
11 00 00 00 06 0f 00 00 05 00 06 00 58 63 07 00
00 0b 05 00 00 00 00 02 07 00 5d 52 07 10 00 16
10 01 07 0e 06 00 00 00 0b 00 52 70 00 0c 00 04
00 11 00 00 0d 00 0a 00 5f 51 09 00 02 00 0d 04
00 02 0e 08 04 00 00 00 5b 60 06 0d 01 16 00 00
04 00 18 03 00 00 01 00 6e 61 00 00 00 02 00 00
00 01 15 00 00 00 00 00 53 5b 16 04 13 06 0a 02
06 00 00 00 08 00 0f 15 57 65 01 00 00 00 0c 03
01 00 00 00 00 00 0b 03 64 5d 00 14 00 0a 00 02
05 00 00 00 00 10 12 00 0b 13 00 0b 0a 05 00 0d
0a 00 00 00 00 00 00 00 04 00 0b 00 15 0b 00 00
LOGITS fb ea 04 1b de f6 e7 31 0d fa
IMG 18 CLASS 8 EXPECT 8
03 07 00 0f 00 00 07 00 54 54 56 59 48 4c 00 00
09 07 01 00 03 00 05 00 33 4e 52 55 4c 41 00 00
00 00 00 00 00 02 4c 43 00 00 00 06 00 02 35 3f
00 00 00 04 00 1d 65 53 00 00 07 07 0d 00 48 42
00 07 0b 00 05 04 3f 62 00 00 1a 04 0a 00 4d 4a
02 03 01 07 09 05 5a 39 00 00 0c 00 00 00 4b 46
00 00 00 02 05 00 00 0c 4e 4e 4b 4c 52 53 00 00
10 00 00 00 06 00 05 00 49 48 59 48 59 49 0a 01
00 01 00 02 01 00 4f 5e 04 00 02 0f 00 00 4a 51
00 0a 00 08 00 0d 54 4f 00 00 00 07 04 0a 53 51
09 00 00 01 06 00 58 53 03 00 00 07 00 00 4a 47
08 00 07 0d 00 00 66 54 00 0e 00 00 09 01 4b 60
00 05 07 00 00 08 0b 05 4d 40 5f 48 58 49 00 02
02 13 0b 06 02 0b 0a 02 5d 44 4d 47 45 57 00 00
0b 09 00 00 00 0d 00 00 04 00 00 0a 00 06 0b 05
00 00 02 0b 00 00 00 00 00 0e 00 16 00 00 00 02
LOGITS 03 f7 f8 fa f7 02 06 f8 17 02
IMG 19 CLASS 7 EXPECT 7
00 08 04 00 00 01 09 00 00 09 00 00 00 05 00 00
07 04 00 00 04 00 00 00 00 0b 08 09 0d 07 00 00
5d 57 5e 60 5b 58 59 50 61 5f 00 04 00 00 00 00
6f 4e 4e 6c 62 5d 57 5c 4b 56 00 00 00 00 15 02
0a 06 00 00 02 00 00 00 5f 51 06 07 00 00 00 04
00 00 00 00 01 06 12 00 72 55 00 0a 07 00 0f 01
07 00 09 0a 10 00 62 52 16 00 12 00 00 08 09 07
00 00 06 00 05 0a 4a 53 02 0a 00 0b 00 05 05 00
05 02 00 00 57 62 0c 01 06 00 0b 00 0f 0c 00 0b
01 00 08 01 5e 4e 00 0b 00 00 00 18 03 00 02 00
00 06 62 64 08 00 03 00 0b 12 07 00 00 06 06 00
00 0d 66 5e 00 00 00 00 01 00 00 07 00 02 00 01
02 00 54 5c 00 00 01 01 00 00 09 04 00 00 06 00
05 00 64 52 0f 18 00 08 00 00 00 00 07 06 0c 00
17 09 65 42 04 00 04 0a 00 00 04 00 00 00 02 00
03 04 57 40 01 00 00 00 00 00 00 00 01 0e 00 00
LOGITS 09 e5 06 20 d7 10 b6 38 0e 03
IMG 20 CLASS 1 EXPECT 1
08 00 00 00 10 03 00 0f 00 00 00 00 00 08 17 00
00 00 07 08 06 01 02 00 00 12 01 03 01 0a 00 02
0f 00 00 00 18 01 00 0e 62 79 00 01 00 0f 09 07
00 04 03 0a 01 00 09 00 6a 7d 03 13 00 0d 00 00
03 0e 05 00 03 00 71 76 69 68 00 01 00 00 07 05
00 00 03 13 0c 0a 67 65 7a 61 14 00 08 00 00 03
01 09 03 14 0d 16 01 06 5f 6f 07 00 00 00 0f 00
1a 00 04 03 07 00 0c 0a 7c 73 00 00 05 00 00 05
01 00 00 04 08 00 02 0a 6b 73 08 00 06 00 00 00
03 00 00 00 00 0a 00 00 66 7f 00 11 03 0e 05 0e
00 0b 00 00 00 0a 00 04 78 61 0a 04 00 12 00 1d
06 00 02 00 01 06 09 00 64 70 00 00 00 01 00 01
00 08 00 00 00 01 00 06 7b 70 0c 07 09 03 00 00
00 00 05 11 07 00 07 10 7f 64 08 09 00 00 02 03
00 13 10 00 07 08 6b 7a 7a 7f 76 79 10 05 00 00
00 00 01 00 18 00 63 5f 78 74 7a 66 00 00 00 00
LOGITS f1 65 13 e8 00 00 07 b6 01 e2
IMG 21 CLASS 8 EXPECT 8
00 0f 00 00 0b 00 00 00 05 00 0d 0c 00 00 00 00
00 02 00 00 01 00 04 00 4a 5e 63 5d 53 71 00 00
00 0b 00 0a 02 00 00 00 5c 56 58 45 5d 5d 06 00
00 0b 09 00 00 04 5c 5d 00 00 00 02 05 00 5d 51
00 00 03 0e 00 00 63 51 15 08 10 00 03 01 5f 76
00 00 07 00 05 00 69 52 06 08 00 00 00 00 62 54
06 1e 00 00 00 0f 55 6e 00 0f 09 11 02 08 51 60
00 00 07 10 00 00 00 03 5d 53 63 51 56 5a 00 04
0a 00 0a 01 00 00 09 09 6a 5d 50 60 6a 62 00 02
00 00 00 00 00 00 6a 44 00 00 00 03 00 00 6f 57
00 00 05 09 02 0b 5c 5d 04 0f 04 05 00 13 69 51
03 01 00 00 00 00 63 52 00 00 07 00 08 08 58 4a
09 00 00 00 05 07 55 56 00 05 00 01 00 00 5a 49
00 00 00 00 00 07 00 00 65 67 63 5c 55 4d 09 00
04 12 11 00 0b 01 00 00 56 59 55 4d 58 57 0a 00
00 11 00 00 00 04 01 0a 04 0a 00 00 00 00 04 00
LOGITS f9 00 f6 fc 01 fb 0d e8 21 06
IMG 22 CLASS 3 EXPECT 3
00 02 00 00 0e 00 0d 10 08 02 08 04 0d 00 00 00
00 19 07 00 04 07 00 00 00 00 08 06 00 00 00 01
00 0c 00 13 06 68 65 6a 69 62 6e 65 5f 65 7a 00
00 00 00 00 03 60 60 6c 75 6e 6d 6b 65 73 75 00
00 00 0f 09 00 08 01 02 01 08 00 59 71 00 04 0f
08 00 04 04 00 06 00 00 0f 00 12 64 68 00 0b 03
00 00 00 0e 01 00 09 00 00 70 51 00 00 0d 10 00
05 05 01 0c 07 00 08 00 0b 63 77 07 00 00 00 0a
00 00 00 04 00 00 00 00 02 04 00 6f 73 00 0e 00
00 00 0e 00 00 00 10 03 01 0d 01 72 71 02 03 00
01 0b 03 00 00 08 14 0e 00 03 05 06 00 5f 75 02
00 0e 00 0b 00 00 06 00 08 00 00 00 00 62 65 07
02 08 00 00 00 5d 6b 00 05 09 06 07 00 68 75 00
00 0c 00 00 00 68 67 04 00 00 00 06 00 6b 6c 06
08 00 06 04 0b 10 00 61 6c 7d 59 62 70 07 00 00
00 00 00 00 00 02 08 63 5e 74 60 71 66 05 00 00
LOGITS ff f9 0e 33 c6 0b c9 0f 0a ed
IMG 23 CLASS 6 EXPECT 6
00 00 00 0b 03 00 7f 7f 7f 7f 02 00 03 01 00 01
00 00 07 00 00 00 79 7f 7c 7c 08 00 11 00 00 09
00 08 00 0b 7f 76 00 00 07 05 0e 00 00 02 0a 00
00 01 08 00 7e 73 05 00 00 04 0c 00 04 06 00 00
0b 0a 7f 7f 00 07 00 14 0f 06 03 04 01 00 03 04
00 00 7f 75 00 00 00 00 0b 00 00 00 00 00 00 08
00 00 7f 6d 7b 7f 7f 7f 7f 7f 09 00 00 15 00 07
00 01 7f 6d 7f 7f 7f 7f 7f 76 07 02 01 00 04 08
01 05 7f 73 08 05 01 12 00 00 70 7f 03 00 0c 00
00 00 77 68 04 05 00 0b 00 06 7d 7f 0d 11 00 0f
00 00 7a 6b 0f 07 00 00 00 00 7f 7d 00 00 00 00
00 00 7f 7f 00 00 00 05 00 00 7f 7b 00 00 09 02
08 06 09 06 7f 7f 7f 7b 7f 7f 00 00 00 02 00 01
00 00 06 10 7f 7c 6a 7f 7f 7f 04 00 07 01 04 00
00 05 01 00 00 05 00 05 0d 0f 00 0c 00 00 00 00
15 05 00 07 00 08 00 06 00 00 00 00 00 00 07 00
LOGITS 02 fb db c8 f7 13 43 c3 1b 10
IMG 24 CLASS 9 EXPECT 9
03 00 00 00 00 00 02 0c 00 00 00 00 00 00 04 00
00 00 03 10 06 00 7f 79 73 78 75 74 00 07 00 01
00 00 0c 01 00 0a 7f 6b 77 7b 62 73 01 01 00 00
00 00 00 07 75 5b 07 00 00 0f 11 00 7e 7f 00 00
00 07 0b 00 7d 71 02 07 00 00 00 0e 7f 7c 00 00
05 00 00 00 71 7f 00 00 0f 00 00 00 6e 7f 1f 05
04 09 03 00 70 7b 00 07 01 00 09 09 77 6f 07 00
00 07 00 07 00 00 73 7f 7f 78 7e 7b 74 6e 00 00
05 00 00 00 00 0a 6f 79 7f 76 79 7f 7f 7e 0c 00
00 00 00 00 00 0b 23 0f 00 01 00 06 67 7c 00 06
09 12 00 00 00 00 11 09 10 00 00 04 7f 6e 00 08
05 0b 0b 07 0e 0e 00 00 00 07 7f 73 02 00 06 00
00 00 00 00 13 02 06 00 07 08 7f 7e 00 00 00 1f
00 00 11 00 05 08 7d 77 7f 74 04 00 00 01 08 00
05 0b 09 00 05 00 7c 6e 7f 79 00 00 08 00 00 00
02 01 00 0d 0d 10 01 00 00 00 10 00 01 00 14 0e
LOGITS fb e4 da eb ff f2 07 de 26 4c
IMG 25 CLASS 2 EXPECT 2
00 01 07 03 6d 6a 6f 73 6a 6b 00 06 00 03 0e 15
10 00 04 00 5e 7c 6e 59 60 6e 01 02 08 00 00 07
00 00 73 73 0a 00 00 0c 09 05 60 60 09 00 03 00
12 00 65 67 12 00 00 04 00 0c 77 79 00 00 07 07
05 12 03 02 00 0a 09 00 01 08 70 66 05 00 00 00
00 00 00 14 00 05 0f 01 04 02 71 7f 17 00 0c 00
04 06 00 00 00 00 00 00 71 7f 00 0f 10 00 00 00
01 05 08 00 09 00 00 00 6d 72 0e 0a 04 00 00 02
0a 01 00 10 12 00 74 65 00 0b 00 14 00 06 00 03
0a 00 19 01 00 0a 7c 66 01 0b 06 00 00 00 00 00
00 09 00 00 67 6f 00 00 09 00 05 00 00 00 04 00
03 00 00 08 5e 72 00 00 00 04 0c 00 00 01 00 00
00 00 67 59 68 7f 65 77 71 70 6d 69 05 00 0b 04
00 09 76 62 77 7b 6b 65 6b 78 69 5d 00 01 00 00
03 00 0a 00 00 00 02 00 00 00 14 00 00 08 00 00
00 11 00 0b 00 00 0f 00 12 00 00 04 11 0a 04 0e
LOGITS 15 0d 42 21 b9 e1 d5 03 1c d0
IMG 26 CLASS 6 EXPECT 6
00 05 00 04 56 5c 44 4e 00 03 00 03 00 00 00 0e
00 00 00 07 49 4e 44 50 00 00 01 06 03 01 00 00
06 00 4a 52 00 0d 01 05 06 11 00 00 00 0a 00 02
00 00 46 4b 03 00 18 00 0d 00 02 00 00 09 07 00
4e 48 00 00 00 00 07 10 09 0d 0e 00 00 1c 02 00
43 4f 00 00 00 08 01 02 00 10 01 07 00 00 02 00
40 50 53 42 41 4d 50 52 09 00 03 06 05 0e 05 04
64 4a 5b 50 59 55 48 62 00 0a 00 01 00 0e 03 11
66 4a 0a 00 00 0c 00 02 5b 52 00 00 02 00 14 00
5a 53 00 03 00 00 00 07 43 4e 00 00 00 00 00 00
5a 3a 00 08 00 00 03 00 45 47 00 00 0f 00 00 00
46 4a 00 00 07 05 00 02 3e 31 05 05 00 00 00 07
0f 00 49 4f 5b 51 47 58 01 04 03 0a 01 10 00 16
00 08 49 4e 40 5f 55 50 15 01 04 0c 00 0a 00 00
17 12 00 00 00 00 0b 00 00 03 00 01 06 00 05 08
04 00 0b 03 00 07 00 09 00 0d 08 05 01 00 00 00
LOGITS 01 f5 f8 e2 f4 02 23 ea 0d 08
IMG 27 CLASS 4 EXPECT 4
00 00 00 00 00 00 0c 0d 10 00 0e 00 02 00 00 0a
0e 14 11 00 00 0f 07 00 08 03 00 0f 07 0e 00 0b
0e 10 0c 10 00 0a 75 75 04 00 00 00 00 09 00 0c
00 04 0c 00 0d 00 7e 67 03 10 07 13 00 07 07 06
00 06 06 00 6e 6b 73 78 01 00 00 00 00 11 00 00
00 0f 01 00 7b 6d 75 79 0c 00 02 02 00 00 16 08
02 00 72 7a 00 00 71 63 00 00 00 00 0f 00 07 00
00 00 6a 7a 00 00 62 7f 00 04 00 00 05 00 13 02
70 72 0c 00 00 0f 7f 66 00 00 00 11 01 00 00 00
70 73 0a 00 0e 12 66 77 07 08 01 0a 03 00 00 00
7b 76 71 63 7a 76 6f 7f 6a 7f 05 00 0f 00 00 00
76 72 63 7f 70 74 5c 74 67 6e 00 01 00 0c 00 08
04 00 00 03 00 00 7f 76 00 00 00 03 00 00 00 22
00 06 0d 00 03 02 7d 6d 01 05 00 00 00 05 00 00
07 00 0a 00 02 00 7e 7b 00 00 00 0a 00 00 0a 00
00 00 00 00 07 00 7a 70 04 00 00 10 06 00 00 00
LOGITS 1f 1b da cf 4a e8 2d db 09 f0
IMG 28 CLASS 2 EXPECT 2
00 0c 07 00 05 05 00 02 00 08 06 0f 09 00 03 00
15 00 00 03 00 01 13 53 4a 4a 4a 50 40 06 07 00
01 05 04 00 00 01 00 56 41 3e 40 4a 51 00 06 07
00 00 07 13 05 4e 36 0c 00 00 04 02 00 6b 43 00
01 04 17 01 01 42 45 00 00 00 00 00 00 5b 4f 00
11 02 00 00 00 0c 15 05 00 00 0d 02 00 4f 57 03
00 01 00 00 0a 13 06 08 05 00 17 00 04 49 43 00
04 00 02 03 01 00 04 00 04 08 0d 58 5a 00 00 00
00 05 17 06 01 01 00 02 00 00 00 50 55 0b 01 00
09 06 00 05 02 00 00 00 09 57 56 06 08 00 00 00
04 00 00 00 00 03 09 00 0a 52 56 0e 00 00 00 04
02 00 00 00 05 00 0e 5a 5f 07 0c 0e 09 00 00 03
05 06 00 0c 00 0d 00 50 55 0f 06 00 04 07 07 00
02 0f 16 00 00 4c 4a 51 4d 4b 4b 50 5a 4f 67 00
03 05 00 00 0d 3d 44 46 5c 4a 4f 61 67 48 53 02
00 09 00 05 04 00 10 0a 00 00 00 00 00 15 01 00
LOGITS 0d 15 27 0b e0 04 f1 ea 05 e2
IMG 29 CLASS 0 EXPECT 0
0b 00 00 00 03 00 04 00 00 03 00 01 00 01 00 01
09 00 00 0d 18 02 11 03 00 06 00 00 02 00 01 00
00 00 0a 08 00 00 6c 71 70 6a 72 7f 00 00 0c 09
06 00 06 00 00 03 6b 7f 6e 77 65 69 03 0c 00 04
04 00 0c 00 6c 75 00 0a 0f 00 00 00 6c 72 00 00
10 00 08 00 69 75 00 00 00 00 01 02 7c 66 0e 00
0e 00 00 02 72 7c 0c 16 00 00 7f 72 73 6b 04 0a
00 09 00 02 75 6b 00 05 09 04 7d 73 65 7f 00 00
00 12 14 08 72 77 00 10 64 71 01 00 7f 7f 00 00
00 00 00 00 7a 78 07 00 76 6c 08 0d 6b 60 02 00
0c 04 02 05 75 6c 79 7b 02 00 00 00 7f 7f 00 00
09 00 00 00 7a 6b 7f 71 00 06 00 04 7f 7f 00 0f
00 0e 00 00 7f 78 07 00 12 00 00 09 6c 7f 0a 00
15 02 00 00 78 7f 04 00 00 00 00 04 72 6a 06 03
00 00 02 07 00 06 7d 6e 69 7f 7f 79 00 06 00 09
08 0c 00 08 00 00 70 75 70 6b 74 7f 00 0d 00 07
LOGITS 34 00 f9 f5 e1 f6 00 ed 08 e8
IMG 30 CLASS 0 EXPECT 0
06 00 00 09 05 00 58 58 60 58 5e 4a 01 00 00 04
02 15 04 00 01 08 69 59 57 4f 63 5c 03 10 00 00
04 0d 15 00 56 5c 02 02 00 06 00 08 4a 59 00 04
00 0d 06 04 64 4f 0e 02 00 00 01 00 5c 62 06 04
00 00 00 00 5b 4f 00 09 0a 02 5a 5a 5c 61 07 02
09 08 0d 00 68 57 00 00 00 0d 73 63 65 5e 00 02
0d 00 00 08 5f 63 01 00 61 66 00 00 62 54 00 00
06 00 00 19 4b 54 00 0a 4e 56 17 00 47 5c 00 02
00 0c 0e 04 5e 58 66 68 00 00 02 09 54 5b 0e 12
05 0b 00 0b 5d 65 53 56 13 0a 00 05 58 60 00 00
00 03 09 0e 54 54 00 07 11 0a 00 00 53 61 02 02
0c 0f 10 00 53 62 01 06 07 00 00 00 58 5e 00 0d
02 07 04 00 00 00 4e 58 5a 56 5b 5f 00 05 07 00
0e 09 00 16 0d 00 53 4a 62 61 67 62 06 07 05 00
00 00 00 0d 00 03 06 00 00 00 01 03 00 0a 08 00
00 0e 00 00 00 05 03 00 19 01 00 0c 00 00 09 0d
LOGITS 24 f2 f1 ed f7 f7 00 f4 10 ff
IMG 31 CLASS 0 EXPECT 0
06 00 00 00 00 01 00 06 02 00 03 00 00 11 02 00
00 00 00 00 00 0c 02 07 00 00 05 00 07 00 01 00
10 15 06 00 01 09 00 00 7f 7b 70 6a 7f 79 04 00
00 00 00 00 03 03 00 00 6e 6d 74 6c 77 6a 00 00
07 1c 10 00 05 00 74 7f 02 00 05 0b 00 00 7f 62
15 04 04 00 08 00 67 74 0c 08 00 00 00 16 72 5e
0b 01 00 00 0a 08 77 6f 00 00 00 00 6f 7d 6e 6f
00 12 0e 00 00 00 7f 7f 00 03 00 0d 75 73 6b 7f
00 03 00 00 00 04 64 7f 00 0b 77 78 00 00 7e 74
0a 05 00 00 08 05 72 66 0d 02 7b 71 00 15 74 7a
06 00 0d 00 00 00 7f 77 71 74 06 00 02 00 7f 6e
06 07 00 01 00 07 5e 76 76 62 02 00 07 00 7f 70
00 0a 0a 00 13 00 7a 6f 11 00 13 04 08 00 7b 72
00 03 00 00 12 00 7a 55 00 00 00 12 00 07 6a 67
01 02 09 00 02 00 0d 00 70 7f 78 75 67 70 0b 03
0a 0b 00 00 08 05 02 00 72 69 7f 71 68 75 03 02
LOGITS 28 01 fe f8 00 f1 f8 e9 05 f9
SIGNATURE b080dff1
